     2.464     -1.907    -13.659
     2.690      0.516    -14.562
     2.606     -1.281    -18.460
     2.523     -0.686    -14.720
     2.406     -1.855    -16.110
     2.451     -1.061    -14.877
     2.361     -1.162    -13.080
     2.459     -0.311    -12.793
     2.372     -0.728    -12.286
     2.431     -1.129    -15.378
     2.260     -1.487    -12.212
     2.418     -0.877    -14.522
     2.168     -0.679     -7.868
     2.637     -0.674    -21.045
     2.324     -1.012    -14.018
     2.101     -0.521     -6.688
     2.217     -0.788    -11.153
     2.185     -1.161    -11.741
     2.245     -1.160    -13.327
     2.236     -0.624    -11.429
     2.496     -1.312    -20.977
     2.282     -1.371    -15.539
     2.490     -0.212    -17.725
     2.185     -0.469    -10.378
     2.200     -1.257    -14.068
     2.242     -0.543    -13.041
     2.157     -0.481    -10.807
     2.326     -0.923    -17.048
     2.063     -1.348    -11.379
     2.050     -1.264    -10.762
     2.384     -0.869    -18.818
     2.065     -0.990    -10.643
     2.262     -0.761    -15.354
     2.039     -1.491    -12.591
     2.259     -1.244    -18.177
     2.200     -1.184    -16.455
     1.604     -0.623      2.180
     2.290     -0.788    -18.223
     2.229     -1.797    -20.387
     2.113     -0.738    -13.941
     2.038      0.104     -9.023
     2.191     -0.262    -14.765
     2.229     -0.767    -19.060
     2.064     -0.418    -13.067
     2.180     -1.051    -19.104
     2.003     -1.350    -15.062
     2.124     -1.444    -19.730
     2.176     -0.621    -18.676
     1.796     -0.994     -8.728
     2.083     -1.232    -18.577
     1.871      0.409     -6.826
     1.775      1.755      0.442
     1.802     -1.592    -11.447
     1.940     -1.400    -15.485
     2.011     -0.808    -15.856
     1.815      0.011     -8.119
     1.806     -1.575    -13.365
     1.905     -1.316    -15.785
     1.984     -1.248    -18.292
     1.864     -0.910    -13.785
     1.363     -0.711      2.901
     1.774     -1.295    -12.687
     1.934     -1.321    -18.425
     1.952     -0.582    -17.146
     1.821     -0.924    -14.026
     1.585     -0.490     -4.849
     1.936     -0.648    -17.696
     1.823     -0.085    -12.365
     1.759     -0.607    -12.312
     1.758     -1.237    -14.359
     1.706     -0.767    -11.099
     1.733     -0.192    -11.258
     1.993     -0.717    -22.164
     1.645      0.159     -7.796
     1.769      0.044    -12.837
     1.602     -1.016    -10.421
     1.681      0.246     -9.310
     1.793     -0.027    -14.920
     1.548     -0.720     -8.468
     1.918     -1.069    -23.464
     1.528      0.001     -8.485
     1.553     -1.033    -12.978
     1.663     -0.312    -15.138
     1.845     -1.057    -24.931
     1.746     -0.930    -20.837
     1.537     -0.770    -12.622
     1.587      0.176    -11.608
     1.639     -0.696    -16.697
     1.700     -1.339    -22.314
     1.645     -1.094    -19.951
     1.460     -0.242     -9.774
     1.590     -1.350    -19.701
     1.528     -0.298    -13.954
     1.625     -1.338    -21.396
     1.388     -0.434     -8.771
     1.621     -1.595    -22.326
     1.496     -0.912    -15.154
     1.603     -0.166    -17.315
     1.464     -0.174    -11.640
     1.517     -0.610    -15.381
     1.449     -0.180    -11.202
     1.529     -0.992    -17.486
     1.576     -1.722    -22.002
     1.530     -0.586    -16.713
     1.494     -0.347    -14.646
     1.548     -1.065    -19.439
     1.789     -0.200    -27.330
     1.444     -0.478    -13.563
     1.423     -0.648    -14.067
     1.446     -0.757    -15.633
     1.294     -0.754     -9.259
     1.479     -1.424    -19.598
     1.854     -0.106    -31.747
     1.428     -1.069    -16.211
     1.646     -0.650    -24.564
     1.736     -0.219    -27.487
     1.329     -1.228    -12.887
     1.412     -0.032    -13.019
     1.314     -0.570    -10.462
     1.491     -1.244    -21.283
     1.322     -0.880    -12.563
     1.373     -1.199    -16.053
     1.196     -0.825     -7.062
     1.413     -0.924    -17.766
     1.339     -1.298    -15.921
     1.347     -0.142    -14.026
     1.314     -1.525    -17.284
     1.431     -1.548    -24.147
     1.086     -0.963     -6.024
     1.212     -1.113    -12.790
     1.285     -0.937    -15.913
     1.213     -1.231    -13.408
     1.347     -1.463    -20.977
     1.227     -1.887    -16.478
     1.348     -1.570    -21.735
     1.336     -0.924    -19.067
     1.317     -2.288    -22.629
     1.373     -2.450    -26.087
     1.299     -1.571    -19.576
     1.192     -1.221    -13.953
     1.208     -0.238    -11.623
     1.351     -1.545    -23.270
     1.257     -0.716    -15.809
     1.139     -0.484     -9.744
     1.304     -0.949    -19.861
     1.098     -1.069     -9.852
     1.140     -0.924    -11.577
     1.256     -1.111    -18.683
     1.053     -1.023     -8.601
     0.932     -1.404     -3.605
     1.232      0.189    -14.654
     1.154     -0.974    -15.177
     1.094     -1.133    -12.565
     1.233     -1.036    -19.734
     1.216     -0.380    -17.146
     1.102      0.175     -9.226
     1.123     -0.023    -11.228
     1.147      0.259    -11.758
     1.179     -0.979    -18.340
     1.123     -0.844    -15.389
     0.409     -0.561     25.309
     1.065     -0.753    -12.377
     1.231     -0.780    -21.852
     1.532      0.019    -36.806
     1.197     -1.949    -24.238
     1.123     -1.673    -19.237
     1.036     -1.042    -12.578
     1.351     -2.302    -34.753
     1.021     -0.567    -10.284
     1.144     -0.071    -16.213
     1.387     -1.431    -34.973
     0.962     -0.540     -7.472
     1.238      0.334    -21.347
     1.011     -1.563    -14.369
     1.216     -0.954    -24.746
     1.241     -1.569    -28.315
     1.113     -0.061    -16.268
     0.917     -0.490     -6.210
     1.050     -1.057    -16.143
     1.393     -0.362    -34.667
     1.107     -0.284    -17.292
     1.080      0.160    -14.294
     1.054      0.092    -12.988
     1.152     -0.282    -20.202
     0.916     -0.116     -5.505
     1.016     -1.250    -15.845
     0.968     -1.071    -12.546
     1.128     -0.463    -20.391
     1.033     -1.348    -17.764
     1.087     -1.403    -21.441
     0.754     -0.268      2.572
     1.037     -1.324    -18.369
     1.021     -0.327    -14.257
     0.958     -1.415    -14.095
     1.044     -2.199    -22.278
     0.991     -1.045    -15.403
     0.969     -1.084    -14.247
     1.100     -0.559    -21.147
     1.028      0.276    -13.959
     1.013     -0.329    -15.098
     1.010      0.447    -12.589
     1.016     -1.002    -17.777
     1.028     -1.033    -18.636
     0.928     -0.616    -11.199
     0.948     -0.132    -10.979
     0.964      0.405    -10.273
     1.057     -1.315    -22.230
     1.031     -0.342    -17.461
     0.843     -0.384     -5.752
     1.123     -0.142    -23.309
     0.942     -0.277    -12.090
     1.002     -0.057    -16.328
     0.932     -1.429    -16.355
     1.007     -1.775    -22.560
     0.989     -0.321    -16.836
     1.008     -0.038    -17.218
     0.944     -0.301    -13.918
     0.941     -0.366    -14.113
     0.906     -0.220    -11.474
     0.876     -0.481    -10.506
     0.953      0.248    -13.345
     0.842     -0.195     -7.336
     0.998     -0.198    -18.044
     0.921      0.025    -12.226
     0.849     -1.277    -11.762
     0.945     -0.126    -14.592
     1.000     -0.571    -19.785
     0.967     -0.434    -17.202
     0.934     -0.781    -16.545
     0.972     -0.086    -16.953
     0.931     -0.104    -14.189
     0.965     -0.390    -17.476
     0.821      0.015     -6.429
     0.910     -0.430    -14.248
     0.914     -0.165    -13.769
     0.847     -0.102     -9.159
     0.989     -0.931    -21.834
     0.723     -1.002     -3.886
     0.900      0.395    -11.781
     1.034     -1.178    -26.504
     0.974     -0.106    -18.785
     0.906     -0.455    -15.198
     0.878      0.035    -11.947
     0.934      0.046    -16.542
     0.931     -0.546    -18.434
     0.911     -1.148    -19.028
     1.020     -0.120    -23.562
     0.616     -0.658      3.343
     0.818     -0.242     -9.980
     0.782      0.311     -5.561
     0.925     -2.001    -23.552
     0.925     -0.324    -18.918
     0.878     -2.067    -21.189
     0.873     -0.615    -16.046
     0.885     -0.094    -15.350
     0.836     -1.005    -14.742
     0.909      0.543    -15.173
     0.873     -0.439    -16.019
     0.833     -0.205    -12.354
     0.858     -0.169    -14.119
     0.698     -0.336     -2.958
     0.946     -0.149    -20.768
     0.868     -0.173    -15.082
     0.765     -0.197     -7.501
     0.794     -0.725    -11.447
     0.980     -0.432    -24.389
     0.892     -0.238    -17.202
     0.813      0.002    -10.609
     0.881     -0.139    -16.138
     0.597     -0.160      4.843
     0.873     -0.204    -15.918
     0.889     -1.126    -20.179
     0.906     -0.548    -19.704
     0.799     -0.645    -12.136
     0.896     -0.273    -18.190
     0.823     -0.120    -12.264
     0.843     -0.405    -15.352
     0.846      0.230    -13.839
     0.831     -0.125    -14.044
     0.861     -0.202    -17.015
     0.903     -1.394    -24.218
     0.806      0.138    -12.104
     0.889     -1.957    -25.416
     0.751     -0.291     -9.296
     0.800     -1.892    -18.499
     0.808     -0.190    -13.619
     0.829     -2.057    -21.443
     0.785      0.373    -10.179
     0.810     -0.297    -14.751
     0.780     -1.183    -15.481
     0.767     -0.742    -13.032
     0.773     -0.168    -11.700
     0.789      0.135    -12.032
     0.815     -0.022    -14.655
     0.815     -0.126    -15.002
     0.828     -0.075    -15.983
     0.790     -1.173    -16.551
     0.754      0.102     -9.517
     0.739      0.004     -8.728
     0.688     -1.241     -8.966
     0.816      0.198    -14.558
     0.842     -0.138    -17.844
     0.793     -1.332    -17.939
     0.746     -0.387    -11.359
     0.902      0.384    -21.506
     0.886     -0.422    -23.414
     0.803     -0.300    -16.319
     0.818     -0.946    -19.780
     0.679     -0.021     -5.482
     0.775     -0.185    -13.888
     0.770     -0.242    -13.889
     0.592     -0.000      1.331
     0.791     -0.413    -16.391
     0.759     -1.176    -16.308
     0.817     -0.197    -18.081
     0.753      0.058    -12.161
     0.894     -0.397    -25.261
     0.771     -0.264    -14.683
     0.825     -0.353    -19.459
     0.845      0.027    -19.968
     0.787     -0.331    -16.331
     0.758      0.044    -12.741
     0.714     -0.116     -9.621
     0.697     -0.071     -8.199
     0.762     -0.228    -14.129
     0.807     -0.608    -19.661
     0.868      0.288    -21.883
     0.723     -0.717    -13.045
     0.664     -1.467    -10.588
     0.854     -0.672    -24.063
     0.759     -0.170    -14.616
     0.715     -0.403    -11.769
     0.749     -0.245    -14.193
     0.669     -1.342    -11.198
     0.754     -0.271    -15.084
     0.707     -0.239    -11.181
     0.746     -0.116    -14.200
     0.759      0.215    -14.460
     0.887     -0.406    -27.526
     0.768     -1.808    -22.079
     0.744      0.231    -13.391
     0.742     -1.270    -18.177
     0.793     -0.494    -20.124
     0.730      0.136    -12.599
     0.787      0.094    -17.781
     0.781     -0.584    -19.545
     0.695      0.192     -9.581
     0.716     -0.453    -13.534
     0.644     -0.955     -9.132
     0.576      0.448      1.322
     0.758      0.170    -15.391
     0.748      0.186    -14.697
     0.656     -0.164     -8.364
     0.728     -0.565    -16.015
     0.705     -0.077    -12.455
     0.799     -1.368    -24.981
     0.750     -0.338    -17.436
     0.771     -0.190    -19.012
     0.740     -0.874    -18.625
     0.841     -0.415    -26.159
     1.010     -0.341    -41.032
     0.688     -0.471    -12.903
     0.755     -0.237    -18.084
     0.595     -0.336     -4.249
     0.761      0.257    -17.245
     0.695     -0.277    -13.113
     0.741     -0.184    -17.071
     0.643     -0.247     -8.577
     0.936     -0.575    -36.325
     0.740     -0.712    -19.303
     0.733     -0.343    -17.676
     0.850     -0.430    -28.637
     0.781     -0.586    -22.907
     0.794     -1.251    -26.771
     0.719     -0.321    -17.215
     0.609     -0.230     -6.911
     0.634     -1.118    -12.228
     0.622     -0.283     -8.492
     0.783     -0.247    -23.468
     0.716      0.263    -15.596
     0.592     -0.007     -5.032
     0.587      0.038     -4.438
     0.709     -0.407    -17.252
     0.767     -0.395    -22.712
     0.747     -0.216    -20.284
     0.685      0.070    -13.620
     0.668      0.011    -12.515
     0.657     -0.372    -12.901
     0.701     -0.561    -17.853
     0.321      0.072     19.947
     0.605      0.017     -7.019
     0.795     -0.290    -25.959
     0.856     -0.390    -32.082
     0.676      0.184    -13.271
     0.681     -0.594    -16.403
     0.706     -0.275    -17.762
     0.652      0.095    -11.678
     0.756     -0.202    -22.774
     0.658     -0.577    -14.687
     0.703     -0.294    -18.133
     0.634     -0.644    -12.827
     0.548     -0.308     -3.631
     0.626     -0.259    -11.185
     0.679     -0.068    -15.655
     0.636     -0.008    -11.335
     0.719     -0.087    -19.718
     0.649     -0.320    -13.843
     0.618     -0.230    -10.550
     0.635     -0.184    -11.997
     0.613      0.529     -7.783
     0.613     -0.143    -10.388
     0.679     -0.909    -19.877
     0.633     -0.500    -14.165
     0.892     -0.612    -40.309
     0.649     -0.072    -14.759
     0.755     -0.359    -26.284
     0.621      0.052    -11.644
     0.657      0.110    -15.222
     0.546     -0.583     -6.446
     0.718     -0.301    -22.911
     0.686     -0.398    -20.157
     0.662      0.116    -16.087
     0.593     -0.448    -11.133
     0.671     -0.682    -19.999
     0.627      0.099    -13.310
     0.590     -1.519    -14.963
     0.654     -0.161    -17.386
     0.636     -1.116    -18.799
     0.654     -0.017    -17.099
     0.598      0.092    -11.008
     0.691     -0.219    -21.778
     0.564     -0.552    -10.000
     0.611     -0.204    -13.813
     0.689     -0.236    -21.968
     0.742     -0.271    -27.698
     0.440      0.046      4.467
     0.623     -0.946    -17.769
     0.661     -0.498    -20.323
     0.649     -0.460    -18.970
     0.625     -0.220    -15.691
     0.614      0.137    -13.494
     0.576      0.056     -9.850
     0.590     -0.148    -12.346
     0.580     -0.776    -13.426
     0.612     -0.125    -14.741
     0.653     -0.104    -18.953
     0.612      0.209    -13.630
     0.668     -0.207    -20.951
     0.538     -0.482     -8.225
     0.580     -0.371    -12.378
     0.619      0.334    -14.367
     0.563     -0.657    -11.792
     0.604     -0.552    -15.871
     0.567     -0.466    -11.819
     0.609      0.543    -13.007
     0.572     -1.726    -16.825
     0.591     -0.167    -13.854
     0.653      0.293    -18.949
     0.665     -0.529    -23.013
     0.559     -0.278    -11.290
     0.605     -0.876    -18.371
     0.559     -0.372    -11.821
     0.537     -0.150     -8.712
     0.617     -0.886    -19.977
     0.639     -0.173    -20.094
     0.594      0.020    -14.500
     0.375      0.018      9.258
     0.636     -0.373    -20.612
     0.555     -0.586    -12.576
     0.593      0.050    -14.913
     0.560     -0.562    -13.481
     0.582     -0.797    -16.892
     0.546      0.085    -10.359
     0.711     -0.572    -31.009
     0.634     -0.067    -21.000
     0.763     -0.611    -37.142
     0.616     -0.419    -20.192
     0.549      0.161    -10.886
     0.522     -0.143     -8.887
     0.551     -0.369    -12.927
     0.624      0.066    -19.827
     0.481     -0.219     -4.764
     0.543     -0.057    -11.540
     0.518     -0.268     -9.343
     0.657     -0.172    -24.772
     0.640     -0.247    -23.110
     0.504     -0.226     -8.075
     0.574     -1.754    -21.027
     0.668     -0.109    -26.612
     0.561     -0.799    -16.710
     0.535      0.234    -10.574
     0.573     -0.504    -17.318
     0.567      0.229    -14.733
     0.569      0.765    -13.277
     0.524      0.022    -10.544
     0.533      0.665     -9.747
     0.537     -0.341    -13.712
     0.507     -1.023    -12.489
     0.558      0.063    -15.227
     0.520      0.455     -9.566
     0.524     -0.674    -13.717
     0.597     -0.235    -20.996
     0.533     -0.405    -14.144
     0.509      0.050    -10.065
     0.683     -0.395    -32.200
     0.530      0.256    -12.162
     0.528     -0.342    -14.195
     0.567     -0.318    -18.969
     0.523     -0.573    -14.767
     0.533      0.491    -12.548
     0.632     -0.227    -26.884
     0.552     -0.398    -18.106
     0.556      0.056    -17.150
     0.552     -0.062    -17.152
     0.550      0.353    -15.595
     0.572     -0.283    -20.453
     0.509     -0.300    -13.059
     0.513     -0.682    -14.955
     0.663     -0.514    -32.733
     0.552      0.324    -16.619
     0.500      0.183    -10.898
     0.572     -0.162    -20.962
     0.481     -0.322    -10.282
     0.610     -0.249    -25.999
     0.502     -0.559    -14.147
     0.614      0.488    -25.119
     0.574     -0.294    -22.781
     0.554     -0.208    -20.481
     0.532      0.147    -16.541
     0.539     -0.369    -19.248
     0.516     -0.393    -16.476
     0.521     -0.544    -17.725
     0.616     -0.470    -29.560
     0.661     -0.685    -36.077
     0.507     -0.751    -16.836
     0.422     -0.585     -5.573
     0.517      0.014    -15.817
     0.584     -0.158    -24.829
     0.509      0.338    -14.238
     0.486     -0.395    -13.687
     0.549     -0.714    -22.915
     0.577     -0.709    -27.369
     0.489      0.240    -13.166
     0.601     -0.340    -29.846
     0.519      0.075    -17.906
     0.488      0.448    -12.864
     0.515      0.138    -17.363
     0.498      0.299    -14.918
     0.454     -0.613    -12.144
     0.451      0.563     -8.071
     0.446     -0.243    -10.366
     0.464     -1.031    -15.301
     0.413     -0.500     -6.872
     0.506     -0.474    -19.194
     0.716     -0.396    -47.381
     0.540     -0.470    -24.078
     0.424     -0.662     -9.120
     0.450     -0.055    -10.732
     0.480      0.448    -13.151
     0.461     -0.033    -12.325
     0.485     -0.366    -17.017
     0.459     -0.632    -14.516
     0.421     -0.036     -7.631
     0.583     -0.104    -29.953
     0.478      0.252    -14.748
     0.592     -0.331    -32.253
     0.469     -0.132    -14.792
     0.423     -0.454     -9.515
     0.450     -1.245    -15.933
     0.324      0.243      6.002
     0.478      0.336    -15.209
     0.425      0.098     -8.659
     0.620     -0.122    -36.429
     0.493      0.172    -18.097
     0.375      0.291     -1.344
     0.421      0.043     -8.892
     0.444     -1.305    -16.474
     0.492     -0.531    -20.924
     0.422     -0.540    -11.146
     0.568     -0.578    -32.134
     0.550      1.623    -22.606
     0.448     -0.040    -13.658
     0.451      0.070    -13.808
     0.455     -0.025    -14.719
     0.413     -0.529    -10.518
     0.552     -0.260    -29.537
     0.355     -0.457     -2.076
     0.475     -0.015    -17.700
     0.478      0.149    -17.962
     0.570     -0.125    -32.013
     0.570      0.900    -28.691
     0.433      0.047    -12.077
     0.368     -0.541     -4.876
     0.460      0.411    -15.092
     0.556     -0.388    -31.786
     0.431      0.168    -11.850
     0.429     -0.083    -12.372
     0.432     -1.222    -16.697
     0.416     -0.104    -10.747
     0.446      0.218    -14.111
     0.385      0.521     -4.223
     0.494     -0.325    -22.952
     0.405      0.134     -8.601
     0.649     -0.525    -46.242
     0.419      0.324    -10.009
     0.462     -1.196    -21.601
     0.442      0.215    -14.459
     0.442     -0.036    -15.418
     0.496     -0.309    -24.194
     0.418     -0.230    -12.683
     0.396     -0.103     -9.080
     0.556     -0.890    -35.401
     0.403      0.196     -9.212
     1.107     -1.001   -117.699
     0.539     -0.124    -30.511
     0.432     -0.556    -16.052
     0.401      0.356     -8.550
     0.466      0.048    -19.451
     0.402     -0.557    -11.931
     0.471     -0.007    -20.541
     0.401      0.162     -9.602
     0.453     -0.212    -19.130
     0.483     -0.463    -24.599
     0.406     -0.584    -13.434
     0.393     -0.443    -11.347
     0.390     -0.571    -11.479
     0.452     -0.166    -19.626
     0.377     -0.517     -9.439
     0.396     -0.827    -13.359
     0.410     -1.105    -16.580
     0.415     -0.354    -15.044
     0.369      0.044     -6.663
     0.469     -0.067    -22.587
     0.508     -0.227    -29.610
     0.421     -0.724    -17.627
     0.376      0.286     -8.001
     0.408      0.466    -12.607
     0.420      0.610    -14.247
     0.395     -0.574    -14.258
     0.375      0.564     -7.279
     0.407      0.049    -14.220
     0.364      0.257     -6.751
     0.385     -1.717    -16.887
     0.385      0.365    -10.100
     0.390      0.641    -10.163
     0.414     -0.063    -16.545
     0.354      0.028     -6.945
     0.403      0.169    -14.418
     0.370     -0.556    -11.808
     0.388     -0.312    -14.147
     0.338      0.014     -5.196
     0.404     -0.208    -17.160
     0.397      0.161    -14.915
     0.413      0.926    -15.132
     0.388     -0.868    -17.172
     0.427     -0.298    -21.847
     0.323     -0.553     -5.444
     0.382     -0.329    -14.468
     0.425      0.124    -20.235
     0.401      0.232    -15.944
     0.454     -0.258    -26.426
     0.367     -0.284    -12.348
     0.375     -0.665    -15.068
     0.475     -0.278    -30.610
     0.374      0.380    -11.733
     0.363     -0.465    -12.724
     0.361     -1.262    -15.012
     0.357     -0.711    -12.857
     0.388      0.009    -15.799
     0.368      0.171    -12.280
     0.327     -0.699     -8.539
     0.405     -0.412    -21.041
     0.400     -0.142    -19.329
     0.410     -0.800    -23.370
     0.356     -0.378    -13.359
     0.340     -0.518    -11.017
     0.400     -0.347    -21.263
     0.431     -0.147    -26.239
     0.209      0.282     14.103
     0.359     -0.342    -14.126
     0.415     -0.070    -23.319
     0.384      0.154    -17.439
     0.344     -0.697    -13.501
     0.364     -0.014    -15.107
     0.342      0.601     -9.942
     0.351      0.028    -13.571
     0.351     -0.406    -15.082
     0.315      0.052     -7.069
     0.402     -0.679    -25.301
     0.358     -0.619    -17.225
     0.350      0.036    -13.716
     0.370     -0.440    -19.002
     0.355     -0.379    -16.223
     0.325     -0.428    -11.233
     0.369      0.125    -17.660
     0.334     -0.114    -12.050
     0.308     -0.516     -8.753
     0.288     -0.559     -5.203
     0.290      0.850     -0.998
     0.311      0.508     -6.273
     0.389      0.529    -20.727
     0.363      0.815    -15.176
     0.332     -1.019    -15.378
     0.354      0.139    -15.801
     0.350      0.031    -15.530
     0.308     -0.144     -8.469
     0.320     -0.896    -13.157
     0.339     -0.012    -13.931
     0.326     -0.860    -14.365
     0.289     -0.715     -7.151
     0.327     -0.428    -13.771
     0.284     -0.549     -6.157
     0.332      0.217    -12.974
     0.353     -0.299    -18.607
     0.369      0.048    -20.713
     0.332      0.325    -12.989
     0.299     -0.310     -8.672
     0.332     -0.359    -15.266
     0.337     -0.789    -17.957
     0.237      0.159      4.543
     0.354     -0.206    -19.652
     0.300     -0.420    -10.013
     0.306      0.039    -10.040
     0.353     -0.179    -19.961
     0.337     -0.758    -18.838
     0.284     -0.789     -8.538
     0.313     -0.786    -14.489
     0.294      0.199     -7.745
     0.352      0.501    -18.453
     0.307      0.277    -10.289
     0.297      0.311     -8.308
     0.298     -0.441    -11.063
     0.325      0.050    -15.259
     0.302      0.072    -10.769
     0.355     -0.611    -24.044
     0.283      0.659     -5.325
     0.294     -0.122    -10.166
     0.325     -0.249    -17.173
     0.326     -0.385    -18.046
     0.312      0.430    -12.549
     0.308      0.380    -11.998
     0.316      0.063    -14.671
     0.287      0.276     -8.142
     0.309     -0.012    -13.633
     0.298     -0.114    -11.748
     0.308      0.479    -12.303
     0.310     -0.265    -15.212
     0.312     -0.081    -14.893
     0.326      0.000    -17.952
     0.278      0.529     -6.310
     0.285     -0.046     -9.804
     0.349     -0.618    -25.264
     0.329     -0.054    -19.238
     0.308      0.527    -13.028
     0.244     -1.438     -6.142
     0.312     -0.482    -17.280
     0.272     -0.600     -9.339
     0.291      0.140    -11.188
     0.291     -0.052    -12.347
     0.328      0.151    -19.770
     0.276     -0.011     -9.136
     0.272     -0.536    -10.032
     0.370     -0.234    -30.581
     0.304     -0.444    -17.030
     0.287     -0.002    -12.615
     0.290     -0.188    -13.881
     0.276     -0.700    -12.631
     0.276     -0.581    -12.294
     0.333     -0.230    -24.093
     0.283     -0.192    -12.810
     0.292      0.171    -14.248
     0.276     -0.065    -11.538
     0.258      0.351     -6.287
     0.278     -0.196    -12.762
     0.278      0.305    -11.005
     0.253     -0.599     -8.493
     0.277     -0.284    -12.913
     0.277      0.262    -11.385
     0.289      0.134    -14.881
     0.291     -0.516    -17.673
     0.290     -0.505    -17.460
     0.308      0.119    -19.634
     0.263      0.276     -9.117
     0.269      0.027    -11.270
     0.271     -0.557    -13.968
     0.258     -0.747    -11.954
     0.285      0.393    -14.566
     0.276      0.020    -13.666
     0.239     -0.672     -7.599
     0.283      0.049    -15.837
     0.303      0.154    -20.173
     0.308     -0.269    -22.722
     0.318     -0.477    -25.927
     0.268      0.584    -11.413
     0.263     -0.727    -14.626
     0.253     -0.774    -12.465
     0.309     -0.004    -23.617
     0.213     -0.512     -2.637
     0.276      0.465    -14.725
     0.285      0.185    -17.946
     0.250      0.394     -9.218
     0.299     -0.348    -23.710
     0.289      0.204    -19.684
     0.261      0.054    -13.469
     0.236     -0.115     -8.895
     0.290      0.003    -21.974
     0.270     -0.407    -18.608
     0.235      0.418     -7.379
     0.234     -0.058     -8.668
     0.255     -1.278    -18.370
     0.272     -0.168    -19.356
     0.258      0.297    -14.400
     0.237      0.173     -9.443
     0.216      0.488     -3.318
     0.269     -0.162    -18.740
     0.225     -0.442     -8.918
     0.263     -0.133    -17.997
     0.245      0.731    -10.654
     0.249      0.500    -12.808
     0.248      0.307    -13.356
     0.219     -0.586     -8.999
     0.202     -0.435     -4.172
     0.237      0.571    -10.281
     0.231      0.521     -8.737
     0.231     -0.119    -11.399
     0.222     -0.043     -9.429
     0.226     -0.596    -12.215
     0.243     -0.360    -16.267
     0.207     -0.531     -7.270
     0.277     -2.099    -32.362
     0.227      0.674     -9.760
     0.145      0.002     10.427
     0.223     -0.074    -11.159
     0.224     -0.044    -11.787
     0.239      0.078    -15.640
     0.205     -0.838     -9.611
     0.227     -0.316    -14.493
     0.213     -0.063     -9.874
     0.206      0.337     -7.367
     0.197     -0.508     -8.296
     0.214     -1.391    -15.815
     0.182      0.165     -1.707
     0.310     -0.688    -41.847
     0.230     -0.386    -17.948
     0.222      0.367    -13.248
     0.208     -0.312    -11.431
     0.184     -0.210     -4.769
     0.210      0.148    -11.268
     0.221      0.036    -15.329
     0.215     -0.446    -15.269
     0.185      0.745     -2.617
     0.175     -1.115     -5.817
     0.225      0.097    -16.832
     0.183     -0.655     -6.686
     0.202      0.310     -9.587
     0.191      0.653     -5.333
     0.203      0.197    -10.555
     0.221      0.227    -15.867
     0.212     -0.442    -15.458
     0.219      0.461    -14.666
     0.225     -0.045    -18.178
     0.250     -0.144    -26.497
     0.207     -0.449    -14.425
     0.203     -0.939    -14.675
     0.216      0.007    -16.037
     0.214     -0.600    -17.811
     0.178     -0.212     -5.237
     0.161      0.751      2.821
     0.194     -0.572    -11.606
     0.205      0.604    -11.203
     0.223      0.137    -18.451
     0.236      0.377    -21.878
     0.237      1.060    -20.659
     0.213      1.027    -13.176
     0.231     -0.287    -24.326
     0.199     -0.675    -15.708
     0.189     -1.369    -15.234
     0.199     -0.296    -15.214
     0.203     -0.092    -15.821
     0.188      0.533     -8.965
     0.185      0.116     -9.556
     0.182     -0.770    -12.337
     0.203     -0.177    -17.509
     0.211     -0.288    -20.923
     0.176     -0.044     -8.627
     0.183     -0.691    -13.245
     0.191     -0.829    -16.647
     0.171     -0.234     -8.084
     0.208     -0.039    -19.905
     0.193     -0.555    -16.552
     0.157     -0.127     -3.045
     0.169     -0.581     -8.672
     0.200     -0.511    -18.843
     0.180      0.109    -10.375
     0.213      0.637    -19.879
     0.177     -0.182    -10.979
     0.165     -0.300     -7.542
     0.158     -0.111     -4.564
     0.196     -0.924    -20.185
     0.193      0.300    -16.151
     0.173     -1.373    -14.741
     0.182     -1.025    -16.893
     0.159      0.589     -3.776
     0.173     -1.023    -13.790
     0.190     -0.259    -18.142
     0.174     -0.799    -14.491
     0.176     -1.235    -16.752
     0.156      1.057     -2.620
     0.184     -0.050    -16.654
     0.189      0.102    -18.006
     0.153     -0.692     -7.556
     0.167     -0.407    -11.719
     0.176     -0.094    -14.141
     0.158     -0.640     -9.610
     0.187     -0.029    -18.242
     0.185      0.251    -17.149
     0.191      0.135    -19.770
     0.157      0.403     -6.460
     0.175     -0.257    -15.743
     0.154     -0.458     -8.377
     0.170     -0.539    -14.756
     0.168     -0.019    -12.389
     0.165      0.045    -11.455
     0.161     -0.433    -11.572
     0.169     -0.284    -14.119
     0.165      0.048    -11.731
     0.179      0.165    -16.772
     0.182      0.149    -18.572
     0.164      0.268    -11.522
     0.174      0.146    -15.593
     0.164      0.220    -11.995
     0.163     -0.578    -14.326
     0.170      0.237    -15.158
     0.153     -0.786    -11.985
     0.146     -0.864    -10.262
     0.130     -0.575     -3.250
     0.183     -0.450    -23.907
     0.151     -0.081    -10.700
     0.139     -0.459     -7.055
     0.147      0.008     -8.864
     0.171      0.834    -16.951
     0.101     -0.504      6.683
     0.167     -0.111    -19.946
     0.155      0.445    -13.261
     0.137     -0.057     -7.507
     0.135     -0.161     -7.413
     0.136     -0.551     -9.230
     0.151     -1.071    -17.382
     0.151     -0.216    -14.478
     0.157     -0.448    -18.507
     0.146     -0.614    -14.577
     0.159      0.048    -18.897
     0.162     -0.380    -22.668
     0.141      0.501    -11.107
     0.155     -0.570    -21.203
     0.138      0.046    -11.855
     0.141     -0.727    -16.421
     0.145     -0.622    -18.233
     0.153      0.238    -18.898
     0.141     -0.025    -14.715
     0.138     -0.764    -16.486
     0.137     -0.061    -13.789
     0.145     -0.064    -18.092
     0.129     -0.554    -12.497
     0.152      0.445    -20.969
     0.139      0.445    -15.050
     0.135      0.441    -13.847
     0.130     -0.124    -13.017
     0.134     -0.402    -16.874
     0.121     -0.225     -9.976
     0.138     -0.459    -19.180
     0.125      0.289    -10.405
     0.114      0.022     -5.918
     0.117      0.035     -7.695
     0.122     -0.571    -13.076
     0.099      0.385      1.211
     0.109     -0.539     -6.923
     0.115     -1.047    -11.872
     0.119     -0.055    -10.703
     0.120      0.133    -10.826
     0.117      0.354     -8.890
     0.117     -1.659    -15.683
     0.116     -0.749    -11.866
     0.130     -0.335    -18.281
     0.123     -0.166    -14.338
     0.108     -0.335     -7.157
     0.144     -0.635    -26.523
     0.107     -0.185     -6.395
     0.116      0.403     -9.581
     0.127      0.630    -15.387
     0.119     -0.229    -14.317
     0.122      0.231    -14.798
     0.110      0.407     -8.163
     0.133      0.026    -21.826
     0.121      0.520    -13.894
     0.109      0.020     -9.350
     0.108     -0.061     -9.747
     0.122     -0.865    -20.170
     0.108      0.107    -10.022
     0.145     -0.400    -32.776
     0.145      1.425    -27.090
     0.110     -0.473    -13.853
     0.098     -0.843     -9.113
     0.110     -0.355    -14.392
     0.097      0.212     -4.891
     0.094      0.138     -3.880
     0.100      0.227     -8.338
     0.108      0.103    -13.462
     0.101     -1.070    -14.185
     0.107     -0.884    -18.661
     0.107     -0.034    -16.347
     0.118     -0.629    -25.098
     0.101     -1.323    -16.782
     0.100     -0.199    -13.065
     0.106      0.446    -15.840
     0.089      0.538     -4.867
     0.108      0.361    -17.765
     0.102     -0.291    -16.968
     0.101     -0.460    -17.397
     0.114      0.593    -22.888
     0.107     -0.308    -21.553
     0.097      1.201    -10.199
     0.100     -0.075    -17.688
     0.091     -0.282    -12.191
     0.086      0.018     -8.720
     0.094      0.790    -12.027
     0.093      0.285    -13.714
     0.096     -0.110    -18.671
     0.074     -0.751     -6.160
     0.082     -0.760    -12.532
     0.086     -0.218    -14.076
     0.083     -0.543    -13.520
     0.082      0.109    -11.317
     0.097     -0.351    -24.475
     0.088     -0.077    -17.214
     0.054      0.721     10.762
     0.088      0.324    -16.980
     0.083     -0.474    -15.098
     0.084     -1.051    -18.023
     0.100     -0.400    -28.974
     0.091      0.248    -19.393
     0.084      0.397    -14.796
     0.085     -0.323    -18.054
     0.083      0.484    -14.675
     0.079      1.145    -10.604
     0.076      0.102    -12.545
     0.082     -0.886    -21.253
     0.075      0.038    -12.878
     0.062     -0.001     -2.475
     0.082      0.400    -18.820
     0.077     -0.437    -17.606
     0.073     -0.556    -14.808
     0.075     -0.090    -15.805
     0.067      0.163     -8.045
     0.064      0.601     -5.389
     0.080      0.345    -20.901
     0.057      0.033     -1.798
     0.068     -0.212    -12.746
     0.065     -0.145    -11.626
     0.079     -0.839    -27.525
     0.066      0.829    -10.008
     0.071      0.356    -19.153
     0.061     -1.044    -13.696
     0.067     -0.038    -16.411
     0.061      0.346    -10.847
     0.045     -1.047     -1.305
     0.059      0.912    -11.266
     0.075     -0.716    -34.361
     0.053      0.333     -8.612
     0.054     -0.420    -12.759
     0.059      0.098    -16.173
     0.047     -1.009     -7.804
     0.049      0.267     -7.289
     0.051     -0.460    -13.218
     0.048     -0.026     -8.624
     0.048     -0.836    -12.235
     0.061     -0.281    -27.572
     0.062     -0.451    -29.124
     0.054      0.227    -17.517
     0.050      0.398    -12.139
     0.047     -0.608    -12.733
     0.049     -0.018    -13.780
     0.047     -0.701    -14.581
     0.041      0.100     -9.418
     0.041      0.585     -9.649
     0.037     -0.023    -11.244
     0.047     -0.384    -30.544
     0.034     -0.405    -10.609
     0.041     -1.720    -27.548
     0.034     -0.297    -18.184
     0.031      0.797    -13.019
     0.028      0.549    -10.890
     0.029      0.148    -15.538
     0.027      0.054    -14.000
     0.024     -0.660    -10.468
     0.028      0.304    -16.906
     0.021     -0.043     -9.098
     0.025     -0.450    -22.265
     0.020     -0.615    -10.848
     0.018     -0.369     -7.699
     0.014     -0.035      3.967
     0.018      0.535     -9.141
     0.021     -0.110    -19.314
     0.011     -0.363     10.434
     0.021      0.663    -20.388
     0.017     -0.360    -16.800
     0.017      1.206    -11.805
     0.015      0.725     -9.889
     0.012      0.448    -11.594
     0.014      1.149    -21.245
     0.008      0.551      2.456
     0.011      0.487    -15.615
     0.011      0.031    -17.573
     0.010     -0.039    -13.280
     0.010     -0.951    -15.249
     0.008     -0.282    -15.526
     0.007      0.556    -16.302
     0.005      0.494    -11.140
     0.005     -0.133    -11.703
     0.004     -0.443     -9.170
     0.004     -0.209    -11.313
     0.003     -1.799    -17.565
     0.003      0.258    -19.717
     0.001     -0.330     -3.276
     0.001     -0.141    -12.658
     0.001     -0.364    -18.197
     0.000      0.760     -5.937
    -0.001     -0.284    -24.565
    -0.003      0.314     -5.500
    -0.004     -0.158    -16.421
    -0.007     -0.279     -5.521
    -0.007      0.332      5.249
    -0.010      0.532    -11.717
    -0.011      0.083    -10.809
    -0.012     -0.620    -11.667
    -0.013      0.851     -8.870
    -0.013      0.702     -7.188
    -0.014      0.054     -6.779
    -0.023      0.532    -42.359
    -0.014     -0.458     -6.603
    -0.015     -0.468     -9.037
    -0.018     -0.562    -16.312
    -0.019      0.214    -16.412
    -0.019     -0.087    -17.619
    -0.017      0.680     -4.421
    -0.021     -0.324    -18.755
    -0.022      0.063    -11.401
    -0.021     -0.639     -7.146
    -0.024     -0.194    -12.073
    -0.027      0.430    -16.675
    -0.025     -1.179    -15.072
    -0.030      0.120    -18.039
    -0.028     -0.960    -16.764
    -0.024      0.098     -0.349
    -0.031      1.174    -11.232
    -0.029      0.675     -4.237
    -0.033     -0.592    -15.060
    -0.034      0.492    -10.642
    -0.037      0.287    -15.680
    -0.038     -0.040    -18.624
    -0.037     -0.147    -15.041
    -0.033      0.281     -6.708
    -0.035      0.603     -8.408
    -0.039      0.008    -16.054
    -0.040      0.811    -13.563
    -0.034      0.060     -5.779
    -0.039     -0.706    -14.090
    -0.042      1.379    -11.495
    -0.037     -0.095     -8.686
    -0.051      0.012    -28.284
    -0.044      0.216    -17.206
    -0.040     -0.572    -13.378
    -0.042     -0.284    -14.166
    -0.038      0.095     -5.153
    -0.063      2.373    -29.472
    -0.043     -0.922    -12.339
    -0.052      0.741    -16.980
    -0.046     -0.648    -13.956
    -0.049     -0.496    -16.380
    -0.054     -0.264    -19.981
    -0.046     -0.689    -11.839
    -0.033      0.143      9.707
    -0.054     -0.815    -18.861
    -0.054      0.296    -15.179
    -0.049     -0.638    -10.851
    -0.057      1.721    -11.690
    -0.055      1.159    -10.613
    -0.063     -0.459    -21.688
    -0.057     -0.581    -12.753
    -0.054      0.460     -6.332
    -0.058     -0.621    -13.722
    -0.061      1.123    -11.283
    -0.073      1.350    -21.554
    -0.057      1.023     -5.695
    -0.054      0.488     -4.265
    -0.056      0.364     -6.197
    -0.063      0.504    -12.745
    -0.058      1.583     -3.493
    -0.062     -0.930    -14.587
    -0.053      0.257     -1.723
    -0.065     -0.434    -15.314
    -0.062      0.243     -9.579
    -0.073      1.049    -16.888
    -0.059     -1.274     -9.418
    -0.071      0.284    -15.127
    -0.068     -0.436    -14.613
    -0.066     -0.150    -10.834
    -0.065      0.696     -5.366
    -0.077      0.843    -14.204
    -0.064     -0.290     -7.094
    -0.065     -0.278     -7.565
    -0.075     -0.314    -14.137
    -0.072      0.746     -7.304
    -0.077      0.265    -12.140
    -0.081     -1.355    -19.281
    -0.077     -0.289    -11.929
    -0.087      0.145    -17.187
    -0.079      0.497     -9.929
    -0.078      0.239     -9.421
    -0.085     -0.342    -16.704
    -0.083      0.554    -12.036
    -0.089      0.274    -17.270
    -0.091      0.563    -17.165
    -0.086      0.763    -12.825
    -0.090     -0.645    -19.225
    -0.085     -0.451    -13.883
    -0.071      0.654      0.400
    -0.079      0.869     -3.233
    -0.087      0.273    -10.176
    -0.096     -0.033    -15.937
    -0.093      1.334     -9.555
    -0.091      1.087     -8.661
    -0.106      0.202    -21.637
    -0.072     -0.850     -1.817
    -0.096     -0.039    -15.341
    -0.076      0.450      0.612
    -0.099     -0.188    -16.595
    -0.095     -0.091    -13.035
    -0.095     -0.657    -12.863
    -0.090     -0.408     -7.052
    -0.110     -0.018    -17.697
    -0.102      0.577    -10.635
    -0.095     -0.277     -8.292
    -0.092     -0.265     -5.793
    -0.112      0.525    -15.016
    -0.104     -0.204    -11.663
    -0.115      0.453    -14.592
    -0.117      0.134    -16.695
    -0.073      0.320      9.385
    -0.097      0.849     -2.349
    -0.109     -0.478    -13.441
    -0.109      0.453     -9.243
    -0.120     -1.462    -21.248
    -0.107      0.066     -8.551
    -0.115      0.469    -10.808
    -0.115     -0.624    -14.129
    -0.116     -0.184    -12.838
    -0.134      0.347    -20.375
    -0.126      0.581    -15.294
    -0.103     -0.150     -5.336
    -0.121     -0.288    -15.380
    -0.112     -0.190    -10.165
    -0.128     -0.588    -19.809
    -0.130     -0.369    -20.032
    -0.101      0.149     -2.636
    -0.112      0.169     -7.899
    -0.141     -0.060    -23.946
    -0.118      0.849     -7.857
    -0.112     -0.350     -8.630
    -0.129      0.810    -12.710
    -0.115     -0.028     -8.014
    -0.121     -0.252    -10.920
    -0.133      0.490    -13.965
    -0.117     -0.301     -8.026
    -0.118      0.324     -6.498
    -0.127     -0.119    -12.006
    -0.104     -0.915     -3.354
    -0.132     -0.472    -14.609
    -0.138      0.375    -14.544
    -0.128     -0.893    -14.042
    -0.127     -0.408    -11.022
    -0.110      0.248     -0.561
    -0.134      0.833     -9.661
    -0.129      0.469     -8.040
    -0.140      0.151    -13.354
    -0.111     -0.176     -1.196
    -0.139      1.002     -9.609
    -0.132      0.950     -6.627
    -0.148      0.038    -16.136
    -0.144      0.288    -11.836
    -0.136      0.179     -8.823
    -0.136     -0.448    -10.595
    -0.134      0.307     -6.308
    -0.119     -0.243     -1.552
    -0.168     -0.629    -23.241
    -0.179      0.145    -25.252
    -0.136      0.277     -6.151
    -0.145     -0.602    -11.946
    -0.150      1.240     -7.362
    -0.169      0.568    -16.036
    -0.138      0.214     -3.764
    -0.171     -0.896    -20.041
    -0.164      0.152    -13.549
    -0.157     -0.053    -11.381
    -0.170      0.232    -15.003
    -0.150      0.079     -7.650
    -0.165      1.263     -9.095
    -0.173      0.235    -14.792
    -0.156     -0.523    -10.824
    -0.154      0.577     -6.245
    -0.178      0.660    -14.871
    -0.158      0.366     -8.534
    -0.169     -0.132    -13.443
    -0.183      0.147    -17.094
    -0.148      0.499     -3.135
    -0.176      0.298    -14.071
    -0.166      1.123     -7.199
    -0.159     -0.063     -8.270
    -0.177      0.116    -14.025
    -0.179     -0.247    -15.342
    -0.179     -0.425    -15.614
    -0.179      0.162    -12.004
    -0.149     -0.392     -3.271
    -0.182      1.435     -7.610
    -0.177      0.355     -9.358
    -0.170      0.457     -6.563
    -0.183     -0.811    -14.734
    -0.160      0.220     -3.461
    -0.160     -0.971     -6.806
    -0.172      0.591     -5.463
    -0.173     -0.126     -7.672
    -0.180     -0.224    -10.381
    -0.153      0.348      0.421
    -0.185     -0.387    -12.435
    -0.188     -0.382    -13.377
    -0.191      1.470     -8.110
    -0.150     -0.318     -0.500
    -0.215      0.265    -19.875
    -0.179      0.367     -7.103
    -0.200     -1.040    -18.300
    -0.215      0.258    -18.931
    -0.182      0.318     -7.603
    -0.152     -0.276      0.159
    -0.184      0.238     -8.230
    -0.183      1.034     -4.650
    -0.196      0.016    -11.984
    -0.198     -0.578    -14.269
    -0.209     -0.486    -17.261
    -0.200      0.276    -11.768
    -0.195     -0.689    -12.751
    -0.234     -0.384    -23.483
    -0.187     -0.246     -8.269
    -0.217     -0.272    -17.562
    -0.202     -0.509    -13.583
    -0.198     -0.114    -10.475
    -0.235     -0.049    -21.465
    -0.214      0.423    -13.452
    -0.226      0.979    -14.886
    -0.236      0.133    -20.241
    -0.190      0.064     -6.356
    -0.219      0.604    -13.086
    -0.239      0.183    -20.373
    -0.222      0.313    -14.836
    -0.210      0.440    -10.444
    -0.257     -0.535    -27.277
    -0.199      0.120     -7.988
    -0.223      1.167    -11.130
    -0.234      0.729    -14.396
    -0.235      1.375    -12.377
    -0.213      1.150     -7.005
    -0.212      0.896     -7.411
    -0.237      0.877    -13.370
    -0.213     -0.335    -10.125
    -0.244      0.166    -15.952
    -0.234      1.249     -9.081
    -0.200     -0.236     -4.152
    -0.206      0.037     -4.915
    -0.226     -0.763    -12.654
    -0.198     -0.383     -3.772
    -0.189      0.464      1.244
    -0.245      0.809    -12.330
    -0.260     -0.740    -21.106
    -0.226      0.554     -7.940
    -0.239     -0.475    -14.314
    -0.226      0.986     -6.026
    -0.241      1.302     -9.004
    -0.252      0.284    -15.176
    -0.262      0.373    -17.262
    -0.261      0.259    -17.224
    -0.235     -0.136    -11.623
    -0.242     -0.034    -12.817
    -0.224      0.727     -5.200
    -0.250     -0.621    -16.295
    -0.269      0.545    -17.127
    -0.264      0.118    -16.863
    -0.275      0.157    -19.445
    -0.249      0.302    -11.895
    -0.248     -0.013    -12.573
    -0.272      0.476    -16.956
    -0.244     -1.346    -15.835
    -0.204      0.070     -1.187
    -0.242      0.468     -9.113
    -0.242      1.065     -7.090
    -0.263      0.424    -14.263
    -0.254      0.455    -11.968
    -0.248     -1.185    -15.224
    -0.293     -1.222    -25.725
    -0.274     -0.810    -19.456
    -0.297      0.297    -21.054
    -0.245      1.145     -5.487
    -0.220      0.751     -0.458
    -0.231     -0.195     -5.606
    -0.280      1.449    -11.837
    -0.283      1.529    -12.040
    -0.266      0.331    -11.877
    -0.224     -0.382     -4.062
    -0.266      0.042    -12.645
    -0.196     -0.211      3.200
    -0.240      0.049     -5.932
    -0.299      0.207    -18.799
    -0.309      0.576    -19.666
    -0.282     -0.407    -16.079
    -0.288     -0.551    -17.859
    -0.280     -0.235    -14.731
    -0.287      0.295    -14.268
    -0.306      1.085    -15.388
    -0.300      0.959    -14.116
    -0.329      0.718    -20.823
    -0.179     -0.569      8.446
    -0.293      0.343    -13.369
    -0.269     -0.161     -9.570
    -0.285      0.660    -10.465
    -0.281      0.595     -9.682
    -0.273      0.388     -8.719
    -0.275      0.840     -7.583
    -0.268     -0.514     -9.959
    -0.302     -0.781    -18.258
    -0.332     -0.121    -22.245
    -0.289      1.335     -8.079
    -0.285      1.166     -7.709
    -0.302     -0.436    -16.420
    -0.283     -0.428    -12.060
    -0.261      0.653     -3.182
    -0.261     -0.476     -6.574
    -0.302     -0.702    -15.827
    -0.307      1.225    -10.440
    -0.305     -0.473    -15.389
    -0.304      0.010    -13.539
    -0.300     -0.710    -14.740
    -0.339      0.066    -20.004
    -0.371     -0.630    -28.783
    -0.308     -0.480    -15.176
    -0.329     -0.079    -18.033
    -0.334     -1.129    -22.218
    -0.323     -0.504    -17.552
    -0.288     -0.631    -10.816
    -0.232      0.942      6.392
    -0.332     -0.755    -19.204
    -0.273     -0.094     -5.252
    -0.292     -0.407     -9.864
    -0.318      1.286     -9.243
    -0.312     -0.078    -12.390
    -0.398      0.568    -27.211
    -0.300      0.966     -5.871
    -0.314     -0.539    -13.491
    -0.331     -0.125    -15.194
    -0.285     -0.229     -6.449
    -0.298     -0.123     -8.639
    -0.193     -0.410     10.946
    -0.318      0.247    -11.329
    -0.280      0.448     -3.050
    -0.360      0.279    -18.784
    -0.353     -0.557    -19.959
    -0.365     -1.319    -24.798
    -0.348     -0.276    -17.956
    -0.273      0.021     -2.555
    -0.310      0.316     -8.336
    -0.312      1.617     -4.031
    -0.314     -0.249    -10.453
    -0.247     -0.195      2.798
    -0.294      0.062     -5.329
    -0.318      0.449     -8.500
    -0.323     -0.303    -11.673
    -0.364      0.257    -17.144
    -0.334      0.965     -9.279
    -0.313     -0.291     -9.336
    -0.340      0.529    -11.367
    -0.345     -0.117    -14.325
    -0.342      0.234    -12.704
    -0.292     -0.698     -6.417
    -0.333     -0.772    -14.030
    -0.460      1.052    -31.233
    -0.381     -0.396    -20.668
    -0.369      0.866    -14.144
    -0.336      0.199    -10.380
    -0.323      0.570     -6.451
    -0.376     -0.120    -17.243
    -0.312     -0.345     -6.518
    -0.329      0.515     -6.600
    -0.393      0.649    -17.174
    -0.322     -0.761     -9.265
    -0.317      0.698     -3.334
    -0.358      0.193    -11.627
    -0.369     -0.779    -16.715
    -0.315      0.644     -2.761
    -0.400      0.335    -18.164
    -0.380      0.352    -14.672
    -0.383     -0.037    -16.005
    -0.352     -0.521    -12.313
    -0.375     -0.013    -14.428
    -0.386     -0.189    -16.311
    -0.347      0.020     -8.901
    -0.393     -0.710    -18.993
    -0.276     -0.518      1.805
    -0.334      0.700     -3.800
    -0.103      0.164     33.205
    -0.370      0.044    -11.888
    -0.356      1.166     -5.720
    -0.395      1.362    -11.548
    -0.329     -0.218     -5.630
    -0.355     -0.714    -11.584
    -0.362     -1.410    -15.034
    -0.353     -1.343    -12.808
    -0.397     -1.227    -19.604
    -0.399     -0.379    -17.136
    -0.398      0.645    -13.354
    -0.400     -0.431    -17.099
    -0.403     -1.095    -19.721
    -0.366     -0.218    -10.729
    -0.403      1.017    -12.005
    -0.444      0.838    -19.016
    -0.373      0.081     -9.661
    -0.333     -0.380     -4.674
    -0.325     -0.457     -3.534
    -0.355     -0.397     -7.877
    -0.393      0.291    -11.630
    -0.386     -0.209    -11.954
    -0.326     -0.158     -2.333
    -0.425      0.736    -14.744
    -0.400      0.417    -11.781
    -0.386      0.557     -9.153
    -0.423      0.010    -16.622
    -0.409      0.483    -12.721
    -0.402      0.218    -12.271
    -0.425      0.764    -13.703
    -0.375     -0.107     -8.664
    -0.423      1.492    -10.896
    -0.404      0.868     -9.749
    -0.412     -1.100    -17.306
    -0.378      0.010     -8.443
    -0.263     -0.470      7.877
    -0.417     -0.280    -15.050
    -0.332     -0.446     -2.372
    -0.327      0.680      2.141
    -0.483     -1.157    -27.659
    -0.405      0.785     -9.285
    -0.394      0.091     -9.696
    -0.386     -0.314     -9.721
    -0.401      0.618     -8.690
    -0.387      0.783     -5.989
    -0.391     -0.405    -10.132
    -0.421      1.336     -8.573
    -0.359     -0.071     -3.801
    -0.410     -0.108    -11.490
    -0.381      0.065     -6.593
    -0.380      1.545     -1.539
    -0.446     -0.207    -16.731
    -0.431      0.109    -13.375
    -0.395      0.300     -7.469
    -0.306     -0.259      4.069
    -0.456     -0.125    -17.493
    -0.451      1.171    -12.273
    -0.437      1.062    -10.495
    -0.317     -0.993      0.518
    -0.438     -0.086    -13.975
    -0.472     -0.323    -19.263
    -0.421      0.045    -10.589
    -0.387     -1.150     -9.427
    -0.457      0.301    -14.382
    -0.423      1.068     -6.985
    -0.423     -0.126    -10.841
    -0.421      0.816     -7.440
    -0.419      1.197     -5.728
    -0.390      0.793     -2.773
    -0.428     -0.509    -12.232
    -0.374     -0.369     -4.106
    -0.434     -0.639    -13.442
    -0.444      1.003     -9.303
    -0.395     -0.264     -6.532
    -0.472      0.885    -13.630
    -0.439      0.033    -11.741
    -0.438      0.926     -8.642
    -0.469      1.046    -11.637
    -0.428     -0.658    -11.306
    -0.476     -0.058    -15.945
    -0.437     -0.476    -11.782
    -0.493      0.465    -16.352
    -0.477      1.264    -11.431
    -0.422      0.166     -7.449
    -0.427     -0.104     -8.766
    -0.374      0.477      0.501
    -0.415     -0.420     -8.065
    -0.457     -0.271    -12.688
    -0.413      0.123     -5.541
    -0.374      0.010     -0.541
    -0.551      0.834    -21.441
    -0.489     -0.095    -15.962
    -0.451      0.711     -7.999
    -0.494     -0.447    -17.334
    -0.504      0.422    -15.780
    -0.573     -0.217    -26.997
    -0.506      0.125    -16.920
    -0.440      0.528     -6.472
    -0.408     -0.430     -5.197
    -0.513      0.396    -16.133
    -0.421     -0.791     -7.832
    -0.453      0.129     -8.970
    -0.527      0.063    -18.827
    -0.482      1.687     -7.657
    -0.444     -0.432     -9.580
    -0.467      0.349    -10.029
    -0.403      0.063     -2.409
    -0.450      0.318     -7.582
    -0.456     -0.663    -11.607
    -0.508      1.410    -11.395
    -0.491     -0.228    -14.585
    -0.412      0.377     -1.856
    -0.525     -0.118    -18.055
    -0.495     -0.167    -14.219
    -0.478      1.071     -7.967
    -0.545     -0.570    -21.914
    -0.393      0.370      0.728
    -0.497      1.008    -10.335
    -0.442     -1.099    -10.093
    -0.498     -0.439    -14.796
    -0.554      0.674    -18.344
    -0.411     -0.453     -3.778
    -0.494      0.205    -11.908
    -0.478      0.744     -8.060
    -0.605      0.751    -23.858
    -0.520      0.551    -13.708
    -0.518      0.243    -13.965
    -0.425      0.707     -0.721
    -0.487     -0.076    -10.827
    -0.500     -0.564    -14.103
    -0.373     -0.836      0.858
    -0.435      0.110     -3.654
    -0.457     -0.225     -7.478
    -0.530     -0.310    -16.679
    -0.465      0.746     -5.010
    -0.580     -0.168    -22.225
    -0.476      1.183     -4.953
    -0.481      0.285     -8.457
    -0.532      0.765    -13.145
    -0.509     -0.625    -14.651
    -0.478      0.343     -7.636
    -0.533      0.523    -13.740
    -0.536      0.065    -15.495
    -0.510      1.261     -8.445
    -0.389      0.212      3.102
    -0.523      0.656    -11.636
    -0.453      0.056     -5.035
    -0.516      0.026    -12.809
    -0.494      0.048     -9.653
    -0.490      0.843     -6.514
    -0.553      1.054    -13.039
    -0.559      0.018    -16.895
    -0.496      0.192     -8.593
    -0.529      0.040    -12.899
    -0.590      0.804    -17.310
    -0.555     -0.006    -15.773
    -0.490      0.727     -5.467
    -0.498      0.834     -5.881
    -0.523      0.526     -9.737
    -0.534      0.065    -12.483
    -0.631      0.541    -22.269
    -0.503      0.467     -7.444
    -0.511     -0.297    -10.714
    -0.459     -0.298     -4.401
    -0.575     -0.379    -18.151
    -0.512      1.275     -5.194
    -0.584      0.393    -16.385
    -0.504     -0.484     -9.903
    -0.560      0.910    -11.698
    -0.529      0.774     -8.420
    -0.568     -0.336    -16.538
    -0.509      0.742     -6.132
    -0.498     -0.721     -9.694
    -0.497      0.330     -6.072
    -0.494     -0.448     -8.164
    -0.589      0.504    -15.843
    -0.348     -0.136      9.671
    -0.594      0.156    -17.343
    -0.521      0.746     -6.641
    -0.590     -0.130    -17.148
    -0.531      1.040     -6.639
    -0.514      0.270     -7.205
    -0.453     -0.692     -3.463
    -0.545     -0.436    -12.942
    -0.541      0.012    -11.045
    -0.494      0.849     -2.680
    -0.509     -0.551     -8.922
    -0.509     -0.404     -8.125
    -0.521      0.702     -5.358
    -0.653      0.942    -18.879
    -0.526     -0.655     -9.999
    -0.582      0.412    -12.584
    -0.524      0.243     -6.608
    -0.555     -0.452    -12.256
    -0.578     -0.362    -14.515
    -0.548     -0.137    -10.334
    -0.565     -0.251    -12.514
    -0.466      0.133     -0.337
    -0.595     -0.786    -17.268
    -0.591      0.462    -12.763
    -0.537      0.798     -5.742
    -0.582      0.159    -12.661
    -0.608      1.241    -11.908
    -0.591      0.243    -13.188
    -0.582      1.180     -9.063
    -0.542      0.892     -5.646
    -0.498     -0.531     -5.376
    -0.600      0.689    -12.355
    -0.560     -0.149    -10.654
    -0.630      0.645    -15.572
    -0.493     -0.568     -4.795
    -0.513      0.851     -2.031
    -0.537     -0.164     -7.708
    -0.597      0.907    -10.558
    -0.502     -0.361     -4.375
    -0.648     -0.829    -21.340
    -0.578      0.019    -11.014
    -0.609     -0.195    -14.760
    -0.611     -0.198    -15.025
    -0.493     -0.581     -3.781
    -0.579      0.919     -7.794
    -0.683      1.125    -17.998
    -0.561     -0.662    -10.994
    -0.618      1.245    -10.682
    -0.617     -0.582    -16.357
    -0.596      0.033    -12.009
    -0.589      0.756     -8.851
    -0.642     -0.198    -17.394
    -0.584     -0.413    -11.932
    -0.612     -0.420    -14.476
    -0.618     -0.477    -15.236
    -0.643      0.098    -15.755
    -0.618     -0.845    -16.260
    -0.554     -0.048     -7.021
    -0.659      1.822    -11.465
    -0.591     -1.042    -13.838
    -0.571     -0.327     -9.443
    -0.587     -0.050    -10.179
    -0.600     -0.982    -14.497
    -0.630     -0.911    -17.300
    -0.571      0.793     -5.625
    -0.597     -0.710    -12.578
    -0.719      1.952    -16.252
    -0.625      0.769    -10.486
    -0.599     -0.364    -11.512
    -0.659      0.213    -15.493
    -0.612     -1.338    -15.758
    -0.605     -0.272    -11.555
    -0.622     -0.475    -13.830
    -0.577     -0.497     -9.282
    -0.628     -0.216    -13.321
    -0.619      1.639     -6.288
    -0.626     -0.208    -12.978
    -0.618      0.880     -8.561
    -0.694     -0.690    -21.167
    -0.615      0.701     -8.830
    -0.627      0.550    -10.379
    -0.606     -0.476    -11.217
    -0.644      0.716    -10.994
    -0.674     -0.409    -17.622
    -0.690     -0.237    -18.357
    -0.573     -0.441     -7.555
    -0.635      0.684     -9.860
    -0.617      0.135     -9.836
    -0.591     -0.245     -8.352
    -0.649     -0.385    -14.418
    -0.641      1.186     -8.507
    -0.641      0.241    -11.375
    -0.643     -0.364    -13.480
    -0.677     -0.586    -17.426
    -0.630     -0.559    -12.671
    -0.678     -0.224    -15.988
    -0.649      0.062    -11.862
    -0.518     -0.494     -1.086
    -0.659      0.243    -11.867
    -0.703      1.371    -12.375
    -0.573     -0.405     -5.675
    -0.581     -0.111     -5.403
    -0.663     -0.162    -13.345
    -0.673      0.748    -11.244
    -0.674     -0.397    -15.087
    -0.545     -0.293     -2.390
    -0.570      0.436     -2.274
    -0.706      1.494    -11.271
    -0.651      0.042    -10.820
    -0.731      1.798    -12.137
    -0.634     -0.890    -11.910
    -0.663      1.401     -6.909
    -0.677      1.148     -8.656
    -0.665      0.451     -9.834
    -0.671     -0.007    -11.831
    -0.660     -0.022    -10.773
    -0.642     -0.194     -9.621
    -0.743      1.395    -13.631
    -0.629      0.966     -4.264
    -0.696     -0.586    -15.451
    -0.648     -0.405    -10.306
    -0.665      0.176     -9.889
    -0.699     -0.102    -13.842
    -0.656      0.840     -6.743
    -0.625      0.188     -5.874
    -0.693     -0.216    -13.059
    -0.591     -0.353     -4.172
    -0.721     -0.031    -14.785
    -0.731      0.266    -14.522
    -0.758     -0.148    -18.144
    -0.723     -0.023    -14.606
    -0.637      0.032     -6.732
    -0.744     -0.468    -17.733
    -0.746      1.572    -10.957
    -0.695     -0.506    -13.140
    -0.541     -0.130      1.726
    -0.761     -0.038    -17.359
    -0.757      1.393    -12.274
    -0.656     -0.766    -10.168
    -0.661     -0.787    -10.594
    -0.678     -1.161    -13.327
    -0.701     -0.656    -13.585
    -0.667     -0.598    -10.444
    -0.647     -0.502     -8.348
    -0.638      0.850     -3.100
    -0.600      0.044     -2.343
    -0.667      1.528     -3.290
    -0.727     -0.862    -16.258
    -0.571     -0.418     -1.108
    -0.771      1.354    -12.506
    -0.735     -0.058    -13.915
    -0.636     -1.266     -9.238
    -0.754     -0.394    -16.352
    -0.693     -0.791    -12.359
    -0.708      0.900     -7.977
    -0.752     -0.692    -16.459
    -0.635      0.626     -2.107
    -0.694     -0.435    -10.605
    -0.698      0.578     -7.667
    -0.822     -0.093    -20.263
    -0.769      1.721     -9.815
    -0.719     -0.015    -11.241
    -0.687     -0.400     -9.537
    -0.813      1.592    -13.584
    -0.685      0.944     -4.842
    -0.645      0.794     -1.961
    -0.763     -0.529    -16.046
    -0.689      0.726     -5.524
    -0.776      1.321    -10.855
    -0.701     -0.715    -11.120
    -0.726     -0.104    -11.102
    -0.685     -0.006     -7.184
    -0.722      0.769     -7.640
    -0.875     -0.576    -24.619
    -0.703     -0.844    -11.071
    -0.683     -0.359     -7.801
    -0.701     -1.026    -11.260
    -0.765     -0.371    -14.316
    -0.777     -0.376    -15.310
    -0.769      0.221    -12.661
    -0.698      0.167     -6.740
    -0.787     -0.616    -16.631
    -0.776      1.064    -10.002
    -0.679     -0.932     -8.508
    -0.774      1.548     -7.987
    -0.824      0.307    -16.052
    -0.718      0.758     -5.891
    -0.804      0.050    -15.011
    -0.743     -0.772    -12.647
    -0.791     -0.200    -14.649
    -0.781     -0.389    -14.401
    -0.756      1.129     -7.456
    -0.703      0.955     -3.495
    -0.764      1.228     -7.495
    -0.706      0.029     -6.660
    -0.675      0.164     -3.570
    -0.657     -0.402     -3.923
    -0.706     -0.430     -7.771
    -0.752     -0.423    -11.431
    -0.746      0.162     -8.928
    -0.826     -0.231    -16.277
    -0.713      0.813     -3.885
    -0.782      0.022    -11.792
    -0.687     -0.628     -6.265
    -0.750      0.206     -8.388
    -0.718     -0.428     -7.814
    -0.732     -0.171     -8.072
    -0.820      0.134    -13.810
    -0.811      1.111     -9.923
    -0.855      1.588    -11.793
    -0.695     -0.609     -6.402
    -0.524      0.206      9.793
    -0.787     -0.538    -13.082
    -0.658     -0.262     -2.062
    -0.674     -0.543     -4.218
    -0.748      0.320     -6.989
    -0.777      1.097     -6.703
    -0.819     -0.017    -13.557
    -0.739     -0.772     -9.781
    -0.836      0.264    -13.788
    -0.724      0.039     -5.738
    -0.862      0.327    -15.328
    -0.835      1.157    -10.392
    -0.813      0.849     -9.653
    -0.725      0.590     -3.662
    -0.800      1.523     -6.243
    -1.177      2.293    -32.082
    -0.800      1.253     -6.547
    -0.827      1.316     -8.307
    -0.740      0.763     -3.518
    -0.851      0.940    -11.249
    -0.797      0.398     -8.823
    -0.854     -0.145    -14.888
    -0.886      1.099    -13.176
    -0.852      0.216    -13.342
    -0.826      0.251    -11.186
    -0.900     -0.211    -18.154
    -0.835     -0.099    -12.886
    -0.667     -0.427     -1.413
    -0.716     -0.181     -4.237
    -0.729     -0.338     -5.678
    -0.751     -0.592     -8.098
    -0.825      0.310    -10.627
    -0.837     -0.436    -13.961
    -0.653     -0.422     -0.126
    -0.809     -0.259    -11.045
    -0.838     -0.139    -12.812
    -0.726      0.783     -1.433
    -0.844      0.760    -10.234
    -0.869      0.368    -13.394
    -0.785      1.533     -3.114
    -0.879     -0.046    -15.266
    -0.698     -0.367     -2.877
    -0.911     -0.114    -17.792
    -0.900     -0.513    -18.220
    -0.709     -0.339     -3.511
    -0.870     -0.040    -14.443
    -0.808      0.069     -9.438
    -0.807      0.480     -7.873
    -0.852     -0.709    -15.028
    -0.797     -0.557    -10.511
    -0.764      0.028     -6.110
    -0.900     -0.433    -17.644
    -0.827      1.282     -6.657
    -0.733      0.541     -2.101
    -0.672      0.582      2.596
    -0.868     -0.009    -13.637
    -0.892     -0.077    -15.566
    -0.834     -0.246    -11.800
    -0.838      0.202    -10.561
    -0.898      1.723     -9.810
    -0.846     -0.373    -12.861
    -0.820      1.177     -5.872
    -0.902     -0.286    -16.529
    -0.709     -0.238     -2.245
    -0.860      1.335     -7.978
    -0.783      0.542     -4.943
    -0.724     -0.440     -3.921
    -0.843     -0.639    -13.180
    -0.867      0.144    -12.304
    -0.770      0.230     -4.936
    -0.730     -1.016     -5.979
    -0.941     -0.361    -19.056
    -0.817     -0.483    -10.357
    -0.856     -0.264    -12.404
    -0.953      0.097    -18.143
    -0.904     -0.447    -16.268
    -0.737     -0.367     -3.985
    -0.900      1.523     -9.196
    -0.805     -0.253     -8.245
    -0.718      0.634      0.855
    -0.740      0.414     -1.400
    -0.972      0.414    -17.762
    -0.841      0.305     -8.775
    -0.781      0.600     -3.214
    -0.799      0.139     -5.878
    -0.813      0.623     -5.093
    -0.783     -0.456     -6.313
    -0.960     -0.052    -17.301
    -0.897      1.649     -7.294
    -0.789      0.577     -3.211
    -0.867     -0.117    -10.816
    -0.809     -1.265    -10.280
    -0.742     -1.056     -4.837
    -0.612     -0.188      7.097
    -0.784     -0.056     -4.227
    -0.871     -0.530    -11.755
    -0.816      1.200     -2.289
    -0.875     -0.659    -12.344
    -0.730      0.035     -0.082
    -0.876      0.557     -7.965
    -0.874      1.129     -5.857
    -0.880      0.263     -8.977
    -0.947      0.674    -12.038
    -0.882      0.107     -9.446
    -0.784     -0.803     -5.638
    -0.911      0.627     -9.300
    -1.015     -0.306    -19.353
    -0.900      0.310     -9.559
    -0.965      0.162    -14.292
    -0.848     -0.561     -8.798
    -0.908     -0.148    -11.367
    -0.817     -0.416     -5.884
    -0.902      1.007     -6.773
    -0.953      1.148     -9.614
    -0.891      0.904     -6.297
    -1.048      0.332    -18.369
    -0.938      0.956     -9.019
    -0.939      1.379     -7.644
    -0.855     -0.763     -9.029
    -0.875      0.890     -4.884
    -0.971     -0.055    -14.263
    -0.964      1.381     -8.970
    -0.850      0.673     -3.706
    -0.939      1.451     -7.019
    -0.822     -0.162     -4.517
    -0.957      0.310    -11.692
    -0.888     -0.696    -10.428
    -0.824      0.515     -2.136
    -1.016      1.486    -11.293
    -0.893      0.257     -7.211
    -0.950      0.824     -9.036
    -0.983      0.894    -10.848
    -0.972      0.212    -12.338
    -0.916      1.088     -5.650
    -0.778     -0.640     -2.264
    -0.961      1.473     -7.171
    -0.888     -0.195     -7.889
    -0.955     -0.461    -12.982
    -0.969     -0.326    -13.388
    -0.822     -0.080     -3.037
    -0.886      0.737     -4.437
    -1.016     -0.103    -15.460
    -1.006      0.076    -14.166
    -0.814     -0.404     -3.334
    -1.028      1.513    -10.747
    -0.948      1.234     -6.560
    -0.869     -0.305     -6.523
    -0.861      0.524     -3.063
    -1.037      1.669    -10.429
    -1.041     -0.180    -16.676
    -1.003      0.079    -13.330
    -1.031     -0.548    -16.968
    -0.831      0.465     -0.893
    -0.956      1.031     -6.876
    -0.943      0.170     -8.878
    -0.976      1.581     -6.379
    -0.886     -0.625     -7.812
    -0.905     -0.629     -8.816
    -1.014      0.555    -11.731
    -0.969      1.253     -6.603
    -0.860      0.346     -2.638
    -1.081      1.574    -12.278
    -0.984     -0.382    -12.591
    -1.077      0.094    -16.764
    -0.890      1.099     -1.703
    -0.866     -0.763     -6.225
    -1.179      1.499    -18.179
    -1.060     -1.517    -20.654
    -0.906      0.428     -4.753
    -0.780     -0.803     -0.762
    -1.014     -0.205    -13.090
    -0.828     -0.489     -2.502
    -0.864     -0.190     -3.611
    -0.842     -1.104     -5.103
    -1.013     -0.765    -14.357
    -1.120     -0.590    -20.189
    -1.088      0.485    -14.617
    -0.869     -0.696     -5.130
    -1.116      0.070    -17.180
    -1.061     -0.651    -16.166
    -1.030      0.967     -8.946
    -0.941     -0.305     -7.715
    -1.113      0.344    -15.918
    -1.106     -0.062    -16.732
    -0.962      0.989     -4.561
    -0.903      0.687     -1.979
    -0.998      0.805     -7.265
    -1.030      0.012    -11.645
    -0.904     -0.017     -4.177
    -1.001      0.847     -7.098
    -1.000      0.885     -6.832
    -1.010     -0.253    -11.023
    -1.058     -0.465    -14.451
    -1.059     -0.118    -13.013
    -1.082     -0.444    -15.408
    -0.946      0.631     -3.777
    -0.926     -0.518     -6.334
    -0.961      1.234     -2.642
    -0.964     -0.248     -7.638
    -1.045     -0.516    -13.240
    -1.104      1.536     -9.933
    -0.972     -0.512     -8.842
    -1.016      0.476     -8.208
    -0.976      0.451     -5.925
    -0.910     -0.334     -4.509
    -0.960      0.360     -5.023
    -1.100      1.399     -9.809
    -0.961      0.620     -3.996
    -0.784     -0.994      1.034
    -0.984     -0.942    -10.281
    -1.104     -0.085    -14.435
    -1.114      1.341    -10.380
    -1.005      0.710     -6.065
    -0.845     -0.603     -1.036
    -1.012      1.315     -4.406
    -0.926      0.798     -1.148
    -0.925     -1.141     -7.384
    -1.011      1.027     -5.133
    -1.064     -0.027    -11.608
    -0.848      0.603      3.048
    -1.134      0.490    -13.825
    -1.058      1.335     -6.625
    -0.720      0.231      9.241
    -1.001      1.085     -4.018
    -0.971     -1.284     -9.773
    -1.029      1.004     -5.439
    -0.938     -0.643     -5.521
    -0.998     -0.424     -8.234
    -1.118      1.289     -9.458
    -0.990      0.498     -4.700
    -1.047      0.989     -6.271
    -0.935     -0.395     -4.372
    -0.850     -0.332      0.675
    -1.061      0.992     -6.897
    -1.190      0.418    -16.043
    -1.081     -0.274    -12.069
    -1.017      1.121     -3.822
    -1.217      0.364    -17.616
    -1.152      1.249    -11.023
    -0.926     -1.033     -5.709
    -1.008      0.697     -4.581
    -1.033     -0.135     -8.729
    -1.034      0.459     -6.781
    -0.960      0.230     -3.369
    -1.099      1.195     -7.992
    -1.052      0.439     -7.845
    -1.232     -0.100    -19.682
    -0.908     -0.139     -1.449
    -1.035     -0.430     -9.485
    -1.041     -0.218     -9.104
    -0.813     -0.192      3.883
    -0.904      1.285      3.650
    -1.061      1.169     -5.387
    -1.112     -0.177    -12.521
    -1.068      0.076     -9.178
    -1.057      1.012     -5.501
    -1.128      0.247    -11.934
    -1.092      0.187    -10.080
    -1.044     -0.775    -10.534
    -1.103      0.164    -10.617
    -1.261      0.337    -18.786
    -1.036     -0.631     -9.421
    -1.020     -0.559     -8.017
    -1.046      0.614     -5.600
    -1.031     -0.489     -8.060
    -1.161     -0.001    -13.386
    -1.224      1.220    -12.644
    -1.073      0.576     -6.360
    -0.975      0.547     -1.092
    -1.067      0.239     -7.053
    -1.099     -0.373    -10.754
    -0.980      0.125     -2.663
    -1.074      0.995     -4.898
    -1.261     -0.440    -19.338
    -0.516      0.067     22.443
    -1.018     -0.248     -5.516
    -1.158     -0.638    -14.159
    -0.993      0.508     -1.470
    -1.198      0.568    -12.167
    -0.971     -0.048     -1.947
    -0.931     -0.102     -0.022
    -1.076     -0.739     -9.770
    -1.098      0.414     -7.179
    -1.003      1.115      0.232
    -1.019      0.794     -1.470
    -0.916     -0.388      0.141
    -1.142      0.225     -9.751
    -1.061     -0.915     -9.140
    -0.923      0.233      1.918
    -1.050     -1.007     -8.663
    -0.973     -0.230     -2.089
    -0.581      0.047     19.630
    -1.273      1.430    -11.972
    -1.314      0.411    -16.938
    -1.093      0.360     -5.501
    -1.135     -0.803    -11.446
    -1.082      0.345     -4.761
    -1.106     -0.267     -7.941
    -1.180      0.271     -9.782
    -1.072      0.055     -4.884
    -1.095     -1.265    -10.279
    -1.077      0.494     -3.464
    -1.046      0.736     -0.932
    -1.235      1.504     -8.019
    -0.976     -0.228     -0.444
    -1.125      0.843     -4.289
    -1.393      1.892    -14.403
    -1.567     -0.735    -31.788
    -1.262      0.111    -13.599
    -1.308      1.172    -12.267
    -0.868      0.257      6.979
    -1.283      1.543     -9.730
    -1.343      1.086    -14.158
    -1.135     -0.671     -9.359
    -1.266      0.885    -10.882
    -1.259     -0.401    -14.666
    -1.180      1.442     -4.620
    -1.342      0.697    -15.210
    -1.017      0.029     -0.872
    -1.276     -0.419    -15.270
    -1.126      0.294     -5.335
    -1.203     -0.511    -11.806
    -1.282      0.279    -13.106
    -1.253     -0.365    -13.493
    -1.174      1.414     -3.638
    -1.226     -0.084    -11.019
    -1.282      1.367     -9.047
    -1.252      1.454     -7.205
    -1.250      1.553     -6.741
    -1.206      0.449     -8.123
    -1.254      0.654     -9.828
    -1.154      1.071     -3.483
    -1.354      1.331    -12.463
    -1.152      0.377     -5.479
    -1.395      1.799    -12.753
    -1.064     -0.323     -3.385
    -1.078     -0.133     -3.281
    -1.122     -1.056     -8.445
    -1.219      0.738     -7.207
    -1.066     -0.184     -2.570
    -1.054     -0.359     -2.487
    -1.272     -0.014    -11.870
    -1.182     -0.116     -7.596
    -1.228     -0.834    -12.168
    -1.350      1.287    -11.120
    -1.367      1.749    -10.437
    -1.367      1.702    -10.566
    -1.153      0.612     -3.720
    -1.299      1.153     -8.978
    -1.519      0.125    -22.801
    -1.382      1.470    -11.729
    -1.186     -0.647     -9.156
    -1.077     -0.070     -2.015
    -1.344      1.200    -10.540
    -1.383      1.755    -10.552
    -0.983     -0.143      2.538
    -1.295     -0.269    -12.753
    -0.968     -0.264      2.960
    -1.266      1.462     -5.468
    -1.201      0.910     -4.168
    -1.200     -0.778     -9.590
    -1.199      0.214     -6.251
    -1.338      0.275    -12.452
    -1.347      0.598    -11.826
    -1.239      0.921     -5.640
    -1.410      0.466    -15.190
    -1.177     -1.137     -9.343
    -1.050      0.703      2.744
    -1.099     -0.114     -2.197
    -1.216     -0.734     -9.742
    -1.163     -0.417     -5.952
    -1.244     -0.238     -9.160
    -1.332      0.483    -10.856
    -1.391      1.673     -9.648
    -1.295     -0.215    -11.262
    -1.163      0.275     -3.318
    -1.171     -0.263     -5.330
    -1.267      0.369     -7.465
    -1.242     -0.560     -9.241
    -1.204      0.469     -4.025
    -1.131     -0.940     -5.223
    -1.178      0.031     -4.116
    -1.308      1.446     -5.367
    -1.205      0.898     -2.405
    -1.112      0.243     -0.199
    -1.388      0.012    -13.500
    -1.251      0.023     -7.202
    -1.341      0.044    -11.106
    -1.371      0.152    -12.078
    -1.249      0.171     -6.346
    -1.414      1.511     -9.446
    -1.088      0.236      1.510
    -1.357      0.278    -10.484
    -1.400      0.163    -12.738
    -1.476      0.044    -16.279
    -1.287      0.431     -6.320
    -1.361      0.422     -9.581
    -1.548     -0.264    -20.220
    -1.156     -0.709     -3.882
    -1.396      0.041    -12.138
    -1.366      0.210    -10.196
    -1.324      0.518     -7.191
    -1.182      1.135      1.259
    -1.283      0.305     -5.879
    -1.003     -0.925      2.591
    -1.199      0.758     -0.609
    -1.450      0.042    -13.861
    -1.540      0.027    -17.761
    -1.485     -0.936    -18.257
    -1.148      0.145      0.130
    -1.513      1.438    -11.526
    -1.230      0.445     -2.347
    -1.186      0.048     -1.625
    -1.345      0.949     -5.504
    -1.482      1.320    -10.159
    -1.567      0.854    -15.111
    -1.272      0.039     -4.826
    -1.504     -0.033    -15.035
    -1.380     -0.510    -11.258
    -1.651      0.656    -19.112
    -1.256      0.027     -4.113
    -1.316      1.149     -2.995
    -1.450      1.487     -7.574
    -1.476      1.137     -9.799
    -1.453      1.503     -7.555
    -1.616      0.392    -18.189
    -1.420      1.533     -5.907
    -1.188     -0.667     -3.149
    -1.345      0.696     -5.379
    -1.521      1.386    -10.644
    -1.435      0.201    -10.774
    -1.205      0.853      1.266
    -1.461      0.103    -12.136
    -1.399     -0.327    -10.713
    -1.356      0.212     -6.913
    -1.248     -0.393     -4.195
    -1.531      0.869    -12.031
    -1.466      0.743     -9.643
    -1.297      0.809     -2.013
    -1.333      0.479     -4.520
    -1.547      1.631     -9.709
    -1.468      1.156     -7.830
    -1.385      0.176     -7.556
    -1.695     -0.163    -21.215
    -0.968     -0.731      7.244
    -1.504      1.368     -8.090
    -1.591      0.217    -15.307
    -1.577      1.181    -11.465
    -1.174      0.252      2.244
    -1.504      0.793     -9.500
    -1.564     -0.111    -14.312
    -1.608      1.687    -10.215
    -1.519      0.354    -10.849
    -1.591      1.509     -9.939
    -1.537      0.164    -12.091
    -1.743      1.373    -16.445
    -1.710      1.434    -14.910
    -1.368     -1.011     -8.982
    -1.699      1.380    -14.482
    -1.571      0.543    -11.978
    -1.461     -0.389    -10.519
    -1.507      0.925     -8.015
    -1.448      1.262     -4.473
    -1.075     -0.457      5.249
    -1.377      0.549     -3.606
    -1.379     -0.149     -5.936
    -1.378     -0.098     -5.334
    -1.271      0.356      0.660
    -1.556     -0.900    -14.751
    -1.350      0.050     -3.439
    -1.418      0.360     -4.968
    -1.279     -0.429     -2.048
    -1.623      1.439     -9.517
    -1.549      0.483     -9.652
    -1.539      0.094    -10.495
    -1.453     -0.070     -7.639
    -1.658      1.359    -10.863
    -1.366     -0.680     -5.856
    -1.912      0.066    -24.761
    -1.535      0.326     -9.131
    -1.626      1.303     -9.354
    -1.680      0.753    -13.243
    -1.419      0.401     -4.101
    -1.480     -1.122    -11.161
    -1.347     -0.592     -4.116
    -1.562      1.210     -6.507
    -1.400     -0.542     -5.950
    -1.387     -1.279     -7.884
    -1.861      1.734    -16.306
    -1.645      0.774    -10.952
    -1.572     -0.464    -12.170
    -1.554      0.521     -8.148
    -1.757     -0.212    -18.309
    -1.689      1.455    -10.172
    -1.647      1.455     -8.445
    -1.297      0.134      0.694
    -1.685      1.362    -10.133
    -1.311     -0.387     -1.394
    -1.368     -0.738     -4.624
    -1.595      0.412     -8.726
    -1.630      1.449     -6.640
    -1.800      1.536    -12.758
    -1.403      0.186     -2.211
    -1.340     -0.178     -0.992
    -1.418      0.145     -2.826
    -1.456     -1.018     -7.891
    -1.686      1.185     -9.310
    -1.688     -0.550    -14.738
    -1.799      1.281    -12.606
    -1.776      1.502    -10.840
    -1.525      0.111     -6.076
    -1.593      0.006     -8.906
    -1.549      0.286     -6.308
    -1.689      1.151     -8.602
    -1.820      1.291    -12.880
    -1.736      1.404     -8.944
    -1.824      0.150    -16.188
    -1.346     -0.263      0.135
    -1.671      0.237     -9.864
    -1.593      0.335     -6.660
    -1.607      0.147     -7.717
    -1.947      1.400    -15.865
    -1.387     -1.112     -3.652
    -1.561      0.226     -4.936
    -1.568     -1.229     -9.656
    -1.780      1.342     -8.736
    -1.505     -0.153     -3.643
    -1.608      1.125     -3.032
    -1.650     -0.951    -11.207
    -1.446     -0.696     -3.149
    -1.702      0.676     -7.409
    -1.733      0.384     -9.393
    -1.866      1.282    -11.073
    -1.988      0.710    -16.837
    -1.718     -0.103    -10.075
    -1.864      1.618     -9.489
    -1.780      0.584     -9.697
    -1.561     -0.685     -5.953
    -1.741      1.190     -5.992
    -1.401     -0.641     -0.266
    -1.775      0.876     -7.713
    -1.877      0.544    -11.979
    -1.553      0.023     -2.681
    -1.791      0.825     -8.044
    -1.774      0.643     -7.582
    -1.750      0.401     -7.353
    -1.957      1.546    -10.525
    -1.761     -0.498    -10.365
    -1.974      1.047    -12.295
    -1.965      1.443    -10.071
    -1.737     -0.162     -7.795
    -1.653     -0.171     -4.965
    -1.668     -0.042     -4.936
    -1.814     -0.269    -10.116
    -1.885      1.130     -7.308
    -1.861      0.518     -8.404
    -1.691     -0.557     -6.226
    -1.823      0.764     -5.573
    -1.922      0.384     -9.648
    -1.895      1.169     -5.950
    -1.969      0.780     -9.507
    -1.631      0.038     -0.960
    -1.733      0.393     -2.756
    -1.840     -0.833     -9.677
    -1.645      0.367      0.479
    -1.607      0.051      0.830
    -1.743      0.715     -0.771
    -1.722     -0.467     -3.832
    -2.034     -0.838    -14.293
    -1.895     -1.087    -10.718
    -1.688      0.242      0.135
    -2.046      0.890     -8.078
    -1.783     -1.116     -6.488
    -1.830      0.321     -2.671
    -1.808     -0.165     -3.552
    -1.806      0.028     -2.800
    -1.911      0.340     -3.405
    -1.766     -0.454     -1.427
    -2.184      1.043     -7.877
    -1.931     -0.110     -4.205
    -1.947      0.213     -2.970
    -3.447      2.017    -37.325
    -2.038     -0.099     -5.842
    -2.062     -0.345     -6.281
    -2.152      0.426     -5.857
    -2.150     -0.418     -7.556
    -2.315      0.123     -8.873
    -2.832     -1.507    -27.331
    -2.038     -0.112     -1.907
    -2.164     -0.196     -4.779
