x	y	z
     2.464     -1.907    -13.656
     2.690      0.516    -14.560
     2.606     -1.281    -18.462
     2.523     -0.686    -14.722
     2.406     -1.855    -16.110
     2.451     -1.061    -14.872
     2.361     -1.162    -13.078
     2.459     -0.311    -12.791
     2.372     -0.728    -12.286
     2.431     -1.129    -15.376
     2.260     -1.487    -12.213
     2.417     -0.877    -14.514
     2.167     -0.679     -7.862
     2.637     -0.674    -21.047
     2.324     -1.012    -14.017
     2.101     -0.521     -6.681
     2.217     -0.788    -11.152
     2.193     -1.165    -11.970
     2.248     -1.162    -13.416
     2.236     -0.624    -11.427
     2.490     -1.309    -20.805
     2.291     -1.377    -15.819
     2.489     -0.212    -17.715
     2.184     -0.469    -10.374
     2.208     -1.261    -14.318
     2.242     -0.543    -13.038
     2.156     -0.481    -10.804
     2.320     -0.921    -16.887
     2.067     -1.351    -11.496
     2.049     -1.263    -10.722
     2.379     -0.867    -18.665
     2.073     -0.994    -10.865
     2.259     -0.760    -15.287
     2.039     -1.491    -12.590
     2.264     -1.246    -18.317
     2.203     -1.186    -16.559
     1.633     -0.635      1.299
     2.284     -0.786    -18.067
     2.225     -1.793    -20.243
     2.111     -0.737    -13.878
     2.039      0.104     -9.076
     2.191     -0.262    -14.782
     2.224     -0.765    -18.892
     2.065     -0.418    -13.080
     2.175     -1.049    -18.961
     2.005     -1.352    -15.126
     2.120     -1.441    -19.599
     2.176     -0.621    -18.647
     1.801     -0.997     -8.879
     2.082     -1.232    -18.548
     1.873      0.409     -6.890
     1.775      1.755      0.444
     1.809     -1.598    -11.690
     1.941     -1.401    -15.524
     2.007     -0.806    -15.697
     1.815      0.011     -8.113
     1.812     -1.580    -13.591
     1.901     -1.314    -15.664
     1.983     -1.248    -18.286
     1.860     -0.908    -13.664
     1.386     -0.723      2.085
     1.771     -1.294    -12.603
     1.937     -1.323    -18.506
     1.947     -0.581    -16.986
     1.822     -0.924    -14.051
     1.583     -0.490     -4.798
     1.934     -0.647    -17.623
     1.820     -0.085    -12.265
     1.763     -0.609    -12.440
     1.761     -1.239    -14.491
     1.711     -0.770    -11.305
     1.731     -0.191    -11.189
     1.991     -0.716    -22.097
     1.646      0.159     -7.819
     1.768      0.044    -12.802
     1.604     -1.018    -10.511
     1.683      0.246     -9.365
     1.789     -0.027    -14.794
     1.554     -0.723     -8.690
     1.915     -1.068    -23.361
     1.528      0.001     -8.490
     1.553     -1.033    -12.959
     1.659     -0.311    -14.981
     1.842     -1.055    -24.801
     1.746     -0.930    -20.837
     1.535     -0.769    -12.553
     1.587      0.176    -11.621
     1.638     -0.696    -16.659
     1.703     -1.342    -22.463
     1.644     -1.094    -19.936
     1.460     -0.242     -9.798
     1.588     -1.349    -19.625
     1.526     -0.298    -13.885
     1.622     -1.335    -21.273
     1.388     -0.434     -8.742
     1.620     -1.595    -22.309
     1.495     -0.911    -15.122
     1.602     -0.165    -17.246
     1.466     -0.174    -11.698
     1.516     -0.610    -15.324
     1.450     -0.180    -11.259
     1.529     -0.992    -17.502
     1.575     -1.721    -21.950
     1.531     -0.586    -16.731
     1.492     -0.346    -14.545
     1.546     -1.063    -19.327
     1.785     -0.199    -27.161
     1.443     -0.478    -13.558
     1.424     -0.649    -14.105
     1.447     -0.757    -15.671
     1.294     -0.754     -9.254
     1.477     -1.422    -19.524
     1.850     -0.105    -31.562
     1.428     -1.069    -16.207
     1.650     -0.651    -24.752
     1.733     -0.219    -27.367
     1.330     -1.229    -12.945
     1.411     -0.032    -13.005
     1.313     -0.569    -10.404
     1.490     -1.244    -21.268
     1.319     -0.878    -12.413
     1.373     -1.199    -16.068
     1.196     -0.825     -7.032
     1.409     -0.922    -17.594
     1.338     -1.298    -15.889
     1.345     -0.142    -13.893
     1.317     -1.529    -17.470
     1.435     -1.553    -24.351
     1.090     -0.966     -6.234
     1.213     -1.114    -12.838
     1.285     -0.937    -15.905
     1.211     -1.229    -13.315
     1.347     -1.463    -20.981
     1.224     -1.882    -16.325
     1.350     -1.572    -21.841
     1.340     -0.927    -19.249
     1.314     -2.282    -22.440
     1.375     -2.453    -26.177
     1.299     -1.571    -19.558
     1.190     -1.219    -13.820
     1.206     -0.238    -11.530
     1.347     -1.540    -23.059
     1.258     -0.716    -15.869
     1.139     -0.484     -9.767
     1.301     -0.947    -19.685
     1.112     -1.082    -10.583
     1.140     -0.925    -11.605
     1.253     -1.109    -18.527
     1.060     -1.030     -8.986
     0.932     -1.404     -3.611
     1.233      0.189    -14.705
     1.155     -0.975    -15.270
     1.097     -1.136    -12.726
     1.232     -1.035    -19.679
     1.213     -0.379    -16.984
     1.105      0.175     -9.368
     1.123     -0.023    -11.265
     1.147      0.259    -11.752
     1.181     -0.981    -18.438
     1.121     -0.843    -15.300
     0.414     -0.569     24.962
     1.064     -0.753    -12.369
     1.228     -0.778    -21.681
     1.530      0.019    -36.665
     1.194     -1.944    -24.055
     1.121     -1.670    -19.126
     1.036     -1.042    -12.532
     1.347     -2.296    -34.518
     1.022     -0.567    -10.337
     1.141     -0.071    -16.056
     1.387     -1.432    -35.007
     0.961     -0.539     -7.436
     1.236      0.334    -21.246
     1.016     -1.570    -14.645
     1.216     -0.954    -24.737
     1.239     -1.565    -28.157
     1.110     -0.061    -16.123
     0.918     -0.490     -6.230
     1.049     -1.056    -16.113
     1.391     -0.361    -34.531
     1.105     -0.284    -17.198
     1.078      0.160    -14.194
     1.051      0.092    -12.845
     1.149     -0.281    -20.011
     0.916     -0.116     -5.470
     1.016     -1.250    -15.829
     0.967     -1.069    -12.483
     1.126     -0.463    -20.279
     1.034     -1.349    -17.828
     1.086     -1.402    -21.388
     0.754     -0.268      2.563
     1.037     -1.324    -18.346
     1.021     -0.327    -14.240
     0.957     -1.414    -14.054
     1.043     -2.196    -22.180
     0.989     -1.044    -15.310
     0.970     -1.085    -14.327
     1.099     -0.558    -21.107
     1.029      0.276    -14.009
     1.011     -0.328    -14.952
     1.009      0.447    -12.562
     1.019     -1.005    -17.963
     1.027     -1.032    -18.575
     0.926     -0.615    -11.102
     0.946     -0.132    -10.821
     0.965      0.406    -10.327
     1.055     -1.312    -22.095
     1.029     -0.342    -17.338
     0.844     -0.385     -5.814
     1.121     -0.142    -23.138
     0.942     -0.277    -12.107
     1.003     -0.057    -16.363
     0.936     -1.436    -16.641
     1.006     -1.774    -22.540
     0.988     -0.321    -16.767
     1.008     -0.038    -17.245
     0.942     -0.301    -13.776
     0.942     -0.367    -14.176
     0.905     -0.219    -11.434
     0.875     -0.481    -10.457
     0.951      0.248    -13.185
     0.842     -0.195     -7.317
     0.996     -0.198    -17.940
     0.921      0.025    -12.204
     0.847     -1.275    -11.674
     0.942     -0.126    -14.448
     1.000     -0.571    -19.791
     0.966     -0.434    -17.108
     0.932     -0.780    -16.405
     0.972     -0.086    -16.961
     0.932     -0.105    -14.271
     0.965     -0.390    -17.474
     0.820      0.015     -6.395
     0.909     -0.429    -14.166
     0.914     -0.165    -13.773
     0.848     -0.103     -9.234
     0.988     -0.929    -21.712
     0.721     -1.000     -3.782
     0.901      0.395    -11.825
     1.033     -1.176    -26.372
     0.973     -0.106    -18.740
     0.905     -0.454    -15.114
     0.878      0.035    -11.965
     0.934      0.046    -16.554
     0.932     -0.546    -18.488
     0.911     -1.149    -19.048
     1.019     -0.120    -23.451
     0.615     -0.656      3.451
     0.818     -0.242     -9.913
     0.782      0.311     -5.573
     0.923     -1.999    -23.461
     0.923     -0.323    -18.755
     0.877     -2.063    -21.078
     0.874     -0.616    -16.152
     0.884     -0.094    -15.270
     0.835     -1.005    -14.711
     0.908      0.543    -15.125
     0.873     -0.439    -16.014
     0.833     -0.205    -12.349
     0.857     -0.169    -14.031
     0.701     -0.337     -3.123
     0.945     -0.149    -20.684
     0.868     -0.173    -15.046
     0.764     -0.197     -7.462
     0.795     -0.726    -11.482
     0.979     -0.431    -24.306
     0.890     -0.238    -17.077
     0.813      0.002    -10.603
     0.879     -0.138    -15.993
     0.596     -0.160      4.930
     0.871     -0.204    -15.806
     0.889     -1.125    -20.151
     0.905     -0.547    -19.628
     0.799     -0.644    -12.118
     0.896     -0.273    -18.150
     0.823     -0.120    -12.229
     0.842     -0.405    -15.270
     0.845      0.230    -13.792
     0.831     -0.125    -14.051
     0.859     -0.202    -16.871
     0.902     -1.393    -24.141
     0.806      0.138    -12.055
     0.888     -1.955    -25.329
     0.750     -0.291     -9.205
     0.801     -1.896    -18.653
     0.809     -0.190    -13.701
     0.827     -2.053    -21.309
     0.784      0.373    -10.135
     0.809     -0.297    -14.703
     0.780     -1.183    -15.484
     0.766     -0.741    -12.942
     0.773     -0.168    -11.748
     0.788      0.135    -11.946
     0.815     -0.022    -14.673
     0.814     -0.125    -14.956
     0.828     -0.075    -16.013
     0.790     -1.173    -16.566
     0.755      0.102     -9.579
     0.739      0.004     -8.733
     0.687     -1.239     -8.876
     0.815      0.198    -14.543
     0.842     -0.138    -17.787
     0.792     -1.329    -17.796
     0.745     -0.387    -11.300
     0.901      0.384    -21.438
     0.886     -0.421    -23.369
     0.802     -0.300    -16.284
     0.817     -0.945    -19.710
     0.679     -0.021     -5.526
     0.774     -0.185    -13.797
     0.768     -0.242    -13.734
     0.593     -0.000      1.318
     0.791     -0.413    -16.386
     0.759     -1.177    -16.317
     0.816     -0.197    -17.988
     0.753      0.058    -12.146
     0.893     -0.397    -25.168
     0.769     -0.263    -14.526
     0.824     -0.352    -19.421
     0.846      0.027    -19.980
     0.786     -0.331    -16.297
     0.758      0.044    -12.759
     0.714     -0.116     -9.615
     0.698     -0.071     -8.265
     0.763     -0.228    -14.159
     0.809     -0.609    -19.787
     0.867      0.287    -21.758
     0.723     -0.717    -13.041
     0.664     -1.467    -10.588
     0.853     -0.671    -23.956
     0.761     -0.171    -14.820
     0.717     -0.404    -11.891
     0.751     -0.245    -14.289
     0.669     -1.340    -11.130
     0.754     -0.271    -15.073
     0.708     -0.240    -11.290
     0.748     -0.116    -14.348
     0.758      0.215    -14.393
     0.885     -0.405    -27.386
     0.767     -1.805    -21.969
     0.743      0.230    -13.320
     0.742     -1.270    -18.207
     0.792     -0.493    -20.036
     0.729      0.136    -12.507
     0.787      0.094    -17.723
     0.779     -0.582    -19.417
     0.694      0.192     -9.468
     0.716     -0.454    -13.585
     0.644     -0.955     -9.135
     0.578      0.450      1.121
     0.758      0.170    -15.422
     0.748      0.186    -14.726
     0.656     -0.164     -8.347
     0.728     -0.565    -16.070
     0.705     -0.077    -12.455
     0.797     -1.365    -24.792
     0.749     -0.337    -17.344
     0.771     -0.190    -19.002
     0.741     -0.874    -18.665
     0.841     -0.415    -26.159
     1.009     -0.340    -40.871
     0.688     -0.471    -12.835
     0.754     -0.237    -17.976
     0.599     -0.338     -4.621
     0.762      0.257    -17.288
     0.699     -0.279    -13.503
     0.741     -0.184    -17.058
     0.644     -0.247     -8.656
     0.935     -0.574    -36.228
     0.738     -0.710    -19.117
     0.732     -0.342    -17.504
     0.851     -0.430    -28.702
     0.781     -0.587    -22.956
     0.793     -1.249    -26.655
     0.719     -0.321    -17.251
     0.611     -0.231     -7.125
     0.633     -1.116    -12.130
     0.622     -0.283     -8.513
     0.784     -0.247    -23.517
     0.715      0.263    -15.518
     0.592     -0.007     -5.030
     0.588      0.039     -4.527
     0.709     -0.408    -17.332
     0.770     -0.396    -22.992
     0.746     -0.215    -20.171
     0.685      0.070    -13.615
     0.668      0.011    -12.532
     0.658     -0.372    -12.971
     0.701     -0.561    -17.807
     0.321      0.072     19.966
     0.605      0.017     -6.965
     0.799     -0.291    -26.272
     0.854     -0.390    -31.906
     0.676      0.184    -13.288
     0.680     -0.594    -16.333
     0.708     -0.276    -17.905
     0.652      0.095    -11.598
     0.756     -0.202    -22.788
     0.657     -0.577    -14.616
     0.703     -0.294    -18.137
     0.635     -0.645    -12.929
     0.551     -0.310     -3.927
     0.626     -0.259    -11.190
     0.678     -0.068    -15.589
     0.635     -0.008    -11.297
     0.717     -0.087    -19.604
     0.657     -0.324    -14.597
     0.619     -0.231    -10.667
     0.635     -0.184    -12.001
     0.614      0.529     -7.834
     0.614     -0.143    -10.538
     0.679     -0.908    -19.836
     0.633     -0.500    -14.174
     0.892     -0.612    -40.315
     0.649     -0.072    -14.791
     0.756     -0.359    -26.347
     0.620      0.051    -11.537
     0.657      0.110    -15.166
     0.547     -0.584     -6.542
     0.717     -0.300    -22.791
     0.686     -0.398    -20.100
     0.661      0.116    -15.928
     0.593     -0.447    -11.086
     0.670     -0.681    -19.941
     0.627      0.099    -13.231
     0.589     -1.517    -14.895
     0.654     -0.161    -17.393
     0.636     -1.118    -18.898
     0.653     -0.017    -17.016
     0.597      0.091    -10.932
     0.690     -0.219    -21.674
     0.565     -0.553    -10.107
     0.610     -0.204    -13.710
     0.689     -0.236    -21.985
     0.743     -0.271    -27.717
     0.440      0.046      4.504
     0.622     -0.944    -17.625
     0.661     -0.499    -20.376
     0.651     -0.461    -19.205
     0.625     -0.221    -15.716
     0.614      0.137    -13.476
     0.575      0.056     -9.811
     0.591     -0.148    -12.348
     0.580     -0.775    -13.399
     0.612     -0.125    -14.674
     0.652     -0.104    -18.885
     0.611      0.209    -13.550
     0.667     -0.207    -20.836
     0.541     -0.484     -8.457
     0.581     -0.371    -12.421
     0.618      0.334    -14.329
     0.562     -0.657    -11.757
     0.607     -0.555    -16.212
     0.568     -0.466    -11.900
     0.608      0.542    -12.875
     0.575     -1.732    -17.062
     0.590     -0.167    -13.743
     0.652      0.293    -18.914
     0.664     -0.528    -22.894
     0.558     -0.278    -11.150
     0.604     -0.874    -18.254
     0.558     -0.371    -11.714
     0.537     -0.150     -8.712
     0.616     -0.884    -19.844
     0.639     -0.173    -20.105
     0.594      0.020    -14.487
     0.375      0.018      9.259
     0.636     -0.373    -20.607
     0.555     -0.587    -12.594
     0.592      0.050    -14.855
     0.560     -0.562    -13.487
     0.582     -0.797    -16.826
     0.546      0.085    -10.344
     0.711     -0.572    -31.033
     0.634     -0.067    -21.026
     0.763     -0.612    -37.176
     0.616     -0.419    -20.218
     0.549      0.161    -10.911
     0.525     -0.144     -9.270
     0.551     -0.369    -12.947
     0.624      0.066    -19.806
     0.483     -0.219     -4.894
     0.544     -0.057    -11.555
     0.516     -0.267     -9.217
     0.657     -0.172    -24.791
     0.639     -0.247    -23.082
     0.504     -0.226     -8.027
     0.573     -1.751    -20.916
     0.668     -0.109    -26.634
     0.560     -0.798    -16.621
     0.535      0.234    -10.557
     0.572     -0.503    -17.180
     0.566      0.228    -14.601
     0.569      0.764    -13.262
     0.524      0.022    -10.530
     0.532      0.664     -9.693
     0.537     -0.342    -13.752
     0.507     -1.024    -12.512
     0.557      0.063    -15.181
     0.520      0.455     -9.569
     0.524     -0.675    -13.755
     0.597     -0.235    -21.008
     0.534     -0.406    -14.241
     0.510      0.050    -10.170
     0.682     -0.394    -32.049
     0.529      0.255    -12.064
     0.528     -0.342    -14.227
     0.567     -0.318    -18.961
     0.525     -0.575    -14.948
     0.533      0.491    -12.502
     0.631     -0.226    -26.716
     0.552     -0.398    -18.164
     0.555      0.055    -17.024
     0.554     -0.062    -17.424
     0.550      0.353    -15.515
     0.572     -0.283    -20.396
     0.510     -0.301    -13.136
     0.513     -0.682    -14.928
     0.664     -0.515    -32.845
     0.551      0.324    -16.563
     0.500      0.183    -10.891
     0.572     -0.162    -20.922
     0.482     -0.323    -10.427
     0.610     -0.249    -26.027
     0.502     -0.558    -14.056
     0.613      0.488    -25.025
     0.573     -0.294    -22.636
     0.555     -0.208    -20.545
     0.532      0.147    -16.503
     0.539     -0.369    -19.229
     0.515     -0.392    -16.365
     0.521     -0.544    -17.790
     0.615     -0.470    -29.433
     0.662     -0.686    -36.176
     0.508     -0.752    -16.907
     0.423     -0.585     -5.615
     0.517      0.014    -15.734
     0.585     -0.158    -25.044
     0.509      0.338    -14.276
     0.485     -0.393    -13.515
     0.548     -0.713    -22.778
     0.577     -0.708    -27.294
     0.488      0.240    -13.076
     0.600     -0.339    -29.721
     0.519      0.075    -17.837
     0.489      0.448    -12.880
     0.515      0.138    -17.402
     0.497      0.299    -14.862
     0.453     -0.611    -12.003
     0.452      0.563     -8.113
     0.445     -0.243    -10.197
     0.464     -1.032    -15.361
     0.415     -0.503     -7.170
     0.504     -0.473    -19.031
     0.715     -0.396    -47.261
     0.539     -0.469    -23.933
     0.423     -0.661     -9.061
     0.454     -0.055    -11.238
     0.479      0.448    -13.100
     0.461     -0.033    -12.333
     0.487     -0.368    -17.306
     0.459     -0.633    -14.545
     0.421     -0.035     -7.582
     0.582     -0.104    -29.865
     0.478      0.252    -14.648
     0.592     -0.331    -32.215
     0.471     -0.132    -15.068
     0.424     -0.456     -9.710
     0.450     -1.243    -15.818
     0.324      0.243      5.987
     0.478      0.336    -15.130
     0.424      0.098     -8.624
     0.618     -0.122    -36.272
     0.493      0.171    -18.051
     0.376      0.291     -1.458
     0.421      0.043     -8.944
     0.443     -1.304    -16.434
     0.493     -0.531    -20.955
     0.422     -0.539    -11.053
     0.567     -0.576    -31.928
     0.550      1.623    -22.585
     0.448     -0.040    -13.647
     0.451      0.070    -13.806
     0.455     -0.025    -14.681
     0.413     -0.529    -10.459
     0.552     -0.259    -29.476
     0.355     -0.456     -2.031
     0.474     -0.015    -17.576
     0.478      0.149    -17.906
     0.569     -0.125    -31.895
     0.569      0.900    -28.689
     0.432      0.047    -11.980
     0.369     -0.542     -5.024
     0.459      0.410    -14.948
     0.555     -0.387    -31.638
     0.431      0.168    -11.774
     0.428     -0.083    -12.279
     0.432     -1.221    -16.656
     0.415     -0.104    -10.638
     0.445      0.217    -13.989
     0.385      0.521     -4.242
     0.494     -0.325    -22.965
     0.405      0.134     -8.584
     0.649     -0.525    -46.284
     0.419      0.325    -10.092
     0.462     -1.194    -21.488
     0.441      0.214    -14.340
     0.442     -0.036    -15.461
     0.498     -0.310    -24.497
     0.417     -0.229    -12.532
     0.396     -0.103     -9.055
     0.555     -0.889    -35.252
     0.402      0.195     -9.096
     1.106     -1.000   -117.516
     0.538     -0.123    -30.394
     0.431     -0.555    -15.930
     0.401      0.356     -8.564
     0.465      0.048    -19.344
     0.401     -0.556    -11.825
     0.471     -0.007    -20.501
     0.402      0.163     -9.739
     0.453     -0.212    -19.087
     0.482     -0.462    -24.483
     0.405     -0.583    -13.323
     0.393     -0.443    -11.404
     0.390     -0.570    -11.456
     0.454     -0.167    -19.886
     0.377     -0.517     -9.443
     0.395     -0.826    -13.275
     0.409     -1.105    -16.543
     0.415     -0.353    -14.907
     0.369      0.044     -6.740
     0.468     -0.067    -22.506
     0.508     -0.227    -29.487
     0.420     -0.724    -17.614
     0.375      0.285     -7.958
     0.408      0.466    -12.531
     0.421      0.611    -14.351
     0.396     -0.574    -14.321
     0.375      0.565     -7.314
     0.407      0.049    -14.278
     0.364      0.257     -6.774
     0.384     -1.714    -16.770
     0.385      0.365    -10.134
     0.390      0.641    -10.211
     0.413     -0.063    -16.383
     0.354      0.028     -6.927
     0.403      0.169    -14.404
     0.370     -0.555    -11.719
     0.387     -0.311    -14.044
     0.338      0.014     -5.164
     0.405     -0.208    -17.317
     0.398      0.161    -15.046
     0.412      0.924    -15.020
     0.387     -0.866    -17.022
     0.427     -0.298    -21.843
     0.324     -0.555     -5.660
     0.381     -0.329    -14.434
     0.425      0.124    -20.110
     0.401      0.232    -15.895
     0.455     -0.259    -26.614
     0.366     -0.283    -12.274
     0.374     -0.665    -15.054
     0.476     -0.278    -30.816
     0.374      0.380    -11.708
     0.363     -0.465    -12.698
     0.360     -1.260    -14.902
     0.357     -0.711    -12.894
     0.389      0.009    -16.100
     0.369      0.172    -12.341
     0.327     -0.698     -8.530
     0.406     -0.412    -21.088
     0.402     -0.143    -19.710
     0.410     -0.799    -23.269
     0.357     -0.379    -13.398
     0.340     -0.518    -11.025
     0.400     -0.347    -21.282
     0.431     -0.147    -26.142
     0.209      0.281     14.127
     0.358     -0.341    -13.985
     0.415     -0.070    -23.343
     0.384      0.154    -17.485
     0.344     -0.696    -13.408
     0.364     -0.014    -15.061
     0.343      0.602    -10.008
     0.351      0.028    -13.635
     0.352     -0.407    -15.168
     0.316      0.052     -7.178
     0.402     -0.679    -25.222
     0.358     -0.619    -17.147
     0.351      0.036    -13.773
     0.369     -0.439    -18.839
     0.355     -0.379    -16.086
     0.324     -0.427    -11.111
     0.369      0.124    -17.558
     0.333     -0.114    -11.903
     0.311     -0.521     -9.260
     0.289     -0.560     -5.280
     0.289      0.850     -0.982
     0.312      0.509     -6.361
     0.389      0.529    -20.746
     0.364      0.816    -15.239
     0.331     -1.019    -15.348
     0.354      0.140    -15.878
     0.351      0.031    -15.592
     0.309     -0.144     -8.660
     0.320     -0.895    -13.098
     0.339     -0.012    -13.985
     0.326     -0.860    -14.327
     0.290     -0.716     -7.229
     0.326     -0.427    -13.649
     0.284     -0.548     -6.086
     0.333      0.217    -13.048
     0.352     -0.299    -18.451
     0.369      0.048    -20.819
     0.332      0.325    -12.934
     0.299     -0.310     -8.736
     0.332     -0.359    -15.308
     0.336     -0.787    -17.784
     0.237      0.159      4.479
     0.353     -0.205    -19.468
     0.300     -0.421    -10.167
     0.307      0.039    -10.115
     0.354     -0.180    -20.155
     0.337     -0.757    -18.744
     0.284     -0.788     -8.499
     0.313     -0.786    -14.549
     0.294      0.199     -7.814
     0.352      0.501    -18.394
     0.307      0.277    -10.349
     0.297      0.311     -8.263
     0.297     -0.441    -11.015
     0.325      0.050    -15.345
     0.302      0.072    -10.787
     0.355     -0.611    -24.028
     0.284      0.660     -5.447
     0.293     -0.122    -10.120
     0.325     -0.249    -17.196
     0.326     -0.384    -17.939
     0.312      0.431    -12.566
     0.308      0.380    -12.055
     0.316      0.063    -14.694
     0.288      0.276     -8.273
     0.309     -0.012    -13.654
     0.300     -0.115    -12.095
     0.308      0.479    -12.330
     0.310     -0.265    -15.220
     0.312     -0.082    -15.010
     0.326      0.000    -17.974
     0.278      0.529     -6.322
     0.285     -0.046     -9.770
     0.349     -0.618    -25.241
     0.329     -0.054    -19.206
     0.308      0.527    -13.044
     0.244     -1.438     -6.146
     0.311     -0.481    -17.237
     0.272     -0.600     -9.391
     0.291      0.140    -11.193
     0.291     -0.052    -12.349
     0.328      0.151    -19.782
     0.276     -0.011     -9.151
     0.271     -0.535     -9.905
     0.369     -0.234    -30.420
     0.303     -0.444    -16.917
     0.288     -0.002    -12.657
     0.290     -0.187    -13.750
     0.277     -0.701    -12.730
     0.277     -0.581    -12.373
     0.333     -0.230    -23.951
     0.282     -0.192    -12.681
     0.292      0.171    -14.234
     0.276     -0.065    -11.462
     0.258      0.352     -6.342
     0.278     -0.195    -12.628
     0.278      0.305    -11.005
     0.253     -0.599     -8.447
     0.278     -0.285    -13.112
     0.277      0.262    -11.298
     0.290      0.135    -15.046
     0.291     -0.516    -17.642
     0.289     -0.504    -17.308
     0.308      0.119    -19.776
     0.264      0.277     -9.265
     0.269      0.027    -11.307
     0.271     -0.557    -14.011
     0.257     -0.745    -11.814
     0.285      0.393    -14.573
     0.276      0.021    -13.800
     0.239     -0.672     -7.539
     0.283      0.049    -15.763
     0.303      0.154    -20.231
     0.308     -0.269    -22.775
     0.319     -0.478    -25.976
     0.268      0.585    -11.490
     0.263     -0.727    -14.643
     0.253     -0.772    -12.314
     0.308     -0.004    -23.487
     0.214     -0.513     -2.758
     0.276      0.467    -14.877
     0.285      0.185    -17.948
     0.250      0.395     -9.309
     0.299     -0.347    -23.587
     0.289      0.204    -19.686
     0.260      0.054    -13.392
     0.235     -0.115     -8.781
     0.291      0.003    -22.124
     0.270     -0.406    -18.469
     0.235      0.419     -7.421
     0.234     -0.058     -8.666
     0.254     -1.276    -18.239
     0.273     -0.168    -19.427
     0.258      0.297    -14.406
     0.237      0.173     -9.508
     0.216      0.488     -3.360
     0.269     -0.162    -18.806
     0.225     -0.442     -8.911
     0.263     -0.132    -17.873
     0.246      0.732    -10.752
     0.248      0.500    -12.729
     0.248      0.307    -13.340
     0.220     -0.587     -9.129
     0.202     -0.435     -4.215
     0.238      0.571    -10.366
     0.231      0.522     -8.840
     0.231     -0.119    -11.289
     0.222     -0.043     -9.521
     0.225     -0.596    -12.191
     0.242     -0.360    -16.105
     0.207     -0.531     -7.300
     0.277     -2.095    -32.220
     0.228      0.676     -9.926
     0.145      0.002     10.370
     0.222     -0.074    -11.060
     0.224     -0.044    -11.884
     0.239      0.078    -15.563
     0.205     -0.838     -9.615
     0.226     -0.316    -14.337
     0.213     -0.063     -9.888
     0.206      0.337     -7.329
     0.198     -0.509     -8.424
     0.213     -1.389    -15.719
     0.182      0.166     -1.785
     0.309     -0.687    -41.766
     0.230     -0.386    -17.948
     0.222      0.367    -13.256
     0.207     -0.312    -11.363
     0.186     -0.212     -5.263
     0.210      0.148    -11.327
     0.221      0.036    -15.381
     0.215     -0.445    -15.151
     0.186      0.746     -2.682
     0.175     -1.113     -5.740
     0.226      0.097    -17.055
     0.183     -0.655     -6.745
     0.202      0.310     -9.598
     0.192      0.656     -5.576
     0.204      0.197    -10.653
     0.221      0.227    -15.932
     0.212     -0.441    -15.344
     0.218      0.460    -14.586
     0.225     -0.045    -18.279
     0.250     -0.144    -26.282
     0.207     -0.448    -14.320
     0.203     -0.939    -14.713
     0.216      0.007    -16.022
     0.215     -0.601    -17.967
     0.179     -0.214     -5.733
     0.161      0.751      2.870
     0.194     -0.572    -11.573
     0.205      0.604    -11.210
     0.222      0.137    -18.350
     0.236      0.377    -21.899
     0.237      1.059    -20.606
     0.213      1.026    -13.109
     0.231     -0.287    -24.433
     0.199     -0.674    -15.615
     0.189     -1.369    -15.229
     0.199     -0.297    -15.254
     0.203     -0.092    -15.826
     0.188      0.533     -9.038
     0.184      0.116     -9.443
     0.182     -0.770    -12.290
     0.203     -0.177    -17.508
     0.211     -0.289    -21.141
     0.176     -0.044     -8.669
     0.183     -0.691    -13.206
     0.191     -0.828    -16.596
     0.172     -0.234     -8.252
     0.208     -0.039    -19.964
     0.193     -0.555    -16.557
     0.157     -0.127     -3.020
     0.169     -0.581     -8.694
     0.200     -0.512    -18.890
     0.180      0.109    -10.332
     0.213      0.637    -19.885
     0.176     -0.182    -10.902
     0.165     -0.300     -7.539
     0.158     -0.110     -4.453
     0.195     -0.923    -20.089
     0.193      0.300    -16.101
     0.172     -1.371    -14.647
     0.182     -1.024    -16.804
     0.160      0.591     -3.921
     0.173     -1.024    -13.835
     0.189     -0.259    -18.017
     0.174     -0.798    -14.390
     0.175     -1.233    -16.670
     0.156      1.059     -2.690
     0.184     -0.050    -16.540
     0.189      0.102    -17.994
     0.153     -0.692     -7.510
     0.166     -0.406    -11.550
     0.176     -0.094    -14.020
     0.158     -0.640     -9.588
     0.187     -0.029    -18.208
     0.185      0.250    -17.034
     0.191      0.135    -19.794
     0.157      0.403     -6.489
     0.175     -0.256    -15.617
     0.154     -0.459     -8.488
     0.169     -0.538    -14.647
     0.168     -0.019    -12.351
     0.165      0.045    -11.472
     0.161     -0.433    -11.609
     0.169     -0.284    -14.080
     0.165      0.048    -11.751
     0.179      0.165    -16.828
     0.182      0.149    -18.649
     0.164      0.268    -11.404
     0.174      0.146    -15.615
     0.164      0.220    -12.032
     0.162     -0.577    -14.242
     0.170      0.237    -15.202
     0.153     -0.785    -11.925
     0.146     -0.864    -10.235
     0.130     -0.575     -3.237
     0.182     -0.450    -23.822
     0.151     -0.081    -10.742
     0.139     -0.460     -7.114
     0.146      0.008     -8.790
     0.171      0.834    -16.907
     0.101     -0.505      6.667
     0.167     -0.111    -19.873
     0.155      0.445    -13.227
     0.137     -0.057     -7.701
     0.136     -0.161     -7.606
     0.136     -0.551     -9.190
     0.151     -1.073    -17.489
     0.150     -0.215    -14.373
     0.157     -0.447    -18.345
     0.146     -0.614    -14.538
     0.159      0.048    -18.954
     0.162     -0.379    -22.490
     0.141      0.501    -11.152
     0.155     -0.569    -21.143
     0.138      0.046    -11.903
     0.141     -0.727    -16.463
     0.145     -0.622    -18.186
     0.153      0.238    -18.897
     0.141     -0.025    -14.656
     0.138     -0.763    -16.438
     0.137     -0.061    -13.765
     0.145     -0.064    -18.066
     0.129     -0.554    -12.522
     0.152      0.444    -20.878
     0.139      0.445    -15.025
     0.135      0.440    -13.812
     0.130     -0.124    -13.022
     0.134     -0.401    -16.761
     0.121     -0.225     -9.990
     0.138     -0.458    -19.105
     0.125      0.289    -10.351
     0.114      0.022     -5.921
     0.117      0.035     -7.694
     0.122     -0.570    -12.924
     0.099      0.384      1.292
     0.109     -0.540     -6.943
     0.114     -1.045    -11.745
     0.119     -0.056    -10.859
     0.120      0.133    -10.823
     0.117      0.355     -9.035
     0.117     -1.659    -15.697
     0.116     -0.749    -11.860
     0.130     -0.334    -18.164
     0.123     -0.166    -14.273
     0.108     -0.335     -7.145
     0.144     -0.635    -26.525
     0.107     -0.185     -6.372
     0.116      0.402     -9.453
     0.127      0.630    -15.446
     0.119     -0.230    -14.519
     0.122      0.231    -14.744
     0.110      0.407     -8.126
     0.134      0.026    -21.908
     0.121      0.519    -13.867
     0.109      0.020     -9.412
     0.109     -0.061     -9.899
     0.122     -0.864    -20.037
     0.108      0.107    -10.096
     0.145     -0.399    -32.592
     0.145      1.422    -26.927
     0.110     -0.474    -13.951
     0.098     -0.842     -9.038
     0.110     -0.355    -14.389
     0.097      0.213     -5.094
     0.094      0.138     -3.854
     0.101      0.228     -8.556
     0.108      0.103    -13.481
     0.100     -1.069    -14.136
     0.107     -0.884    -18.635
     0.107     -0.034    -16.432
     0.118     -0.630    -25.220
     0.100     -1.319    -16.612
     0.100     -0.199    -13.036
     0.106      0.446    -15.847
     0.089      0.538     -4.821
     0.108      0.361    -17.744
     0.102     -0.291    -16.912
     0.101     -0.459    -17.293
     0.114      0.592    -22.820
     0.107     -0.308    -21.500
     0.097      1.201    -10.205
     0.100     -0.075    -17.697
     0.091     -0.281    -12.137
     0.086      0.018     -8.788
     0.094      0.789    -11.931
     0.093      0.286    -13.928
     0.096     -0.110    -18.657
     0.074     -0.751     -6.145
     0.082     -0.761    -12.537
     0.086     -0.218    -13.987
     0.083     -0.542    -13.464
     0.082      0.108    -11.199
     0.097     -0.352    -24.655
     0.088     -0.077    -17.065
     0.054      0.721     10.759
     0.088      0.324    -16.925
     0.083     -0.475    -15.281
     0.084     -1.050    -17.970
     0.100     -0.400    -28.992
     0.090      0.248    -19.359
     0.084      0.397    -14.880
     0.085     -0.324    -18.215
     0.083      0.484    -14.618
     0.079      1.145    -10.611
     0.076      0.102    -12.424
     0.082     -0.886    -21.204
     0.075      0.038    -12.896
     0.062     -0.001     -2.426
     0.082      0.400    -18.820
     0.077     -0.438    -17.637
     0.073     -0.556    -14.761
     0.075     -0.090    -15.888
     0.067      0.163     -8.073
     0.065      0.603     -5.572
     0.080      0.345    -20.762
     0.057      0.033     -1.730
     0.068     -0.212    -12.711
     0.065     -0.144    -11.478
     0.079     -0.838    -27.440
     0.066      0.828     -9.933
     0.071      0.356    -19.004
     0.061     -1.043    -13.637
     0.067     -0.038    -16.374
     0.061      0.346    -10.847
     0.045     -1.046     -1.252
     0.059      0.911    -11.210
     0.075     -0.717    -34.420
     0.053      0.334     -8.704
     0.054     -0.420    -12.745
     0.059      0.098    -16.153
     0.046     -1.007     -7.705
     0.049      0.267     -7.275
     0.051     -0.461    -13.265
     0.048     -0.026     -8.616
     0.048     -0.836    -12.249
     0.061     -0.281    -27.605
     0.062     -0.451    -29.198
     0.054      0.227    -17.504
     0.050      0.398    -12.122
     0.047     -0.607    -12.645
     0.049     -0.018    -13.775
     0.047     -0.701    -14.588
     0.041      0.100     -9.391
     0.041      0.584     -9.533
     0.037     -0.023    -11.241
     0.048     -0.385    -30.776
     0.035     -0.406    -10.776
     0.041     -1.716    -27.388
     0.034     -0.297    -18.084
     0.031      0.795    -12.890
     0.028      0.550    -11.039
     0.029      0.148    -15.457
     0.027      0.054    -13.968
     0.024     -0.662    -10.602
     0.027      0.303    -16.863
     0.021     -0.043     -9.149
     0.025     -0.450    -22.231
     0.020     -0.614    -10.801
     0.018     -0.368     -7.661
     0.014     -0.035      3.930
     0.018      0.536     -9.255
     0.021     -0.110    -19.359
     0.011     -0.363     10.442
     0.021      0.663    -20.374
     0.017     -0.360    -16.806
     0.017      1.205    -11.760
     0.015      0.726     -9.974
     0.012      0.451    -12.014
     0.014      1.148    -21.143
     0.008      0.552      2.354
     0.011      0.487    -15.545
     0.011      0.031    -17.590
     0.010     -0.039    -13.338
     0.010     -0.949    -15.127
     0.008     -0.282    -15.536
     0.007      0.556    -16.257
     0.005      0.494    -11.094
     0.005     -0.133    -11.623
     0.004     -0.442     -9.039
     0.004     -0.209    -11.234
     0.003     -1.797    -17.455
     0.003      0.258    -19.646
     0.001     -0.329     -3.260
     0.001     -0.141    -12.570
     0.001     -0.365    -18.283
     0.000      0.760     -5.930
    -0.001     -0.284    -24.492
    -0.003      0.315     -5.622
    -0.004     -0.158    -16.281
    -0.007     -0.279     -5.433
    -0.007      0.332      5.347
    -0.010      0.533    -11.765
    -0.011      0.083    -10.852
    -0.012     -0.620    -11.679
    -0.013      0.851     -8.904
    -0.013      0.702     -7.197
    -0.014      0.054     -6.786
    -0.023      0.533    -42.446
    -0.014     -0.458     -6.632
    -0.015     -0.471     -9.467
    -0.018     -0.561    -16.256
    -0.019      0.214    -16.391
    -0.019     -0.087    -17.536
    -0.017      0.680     -4.431
    -0.021     -0.324    -18.650
    -0.022      0.063    -11.388
    -0.021     -0.638     -7.093
    -0.024     -0.194    -12.026
    -0.027      0.430    -16.705
    -0.025     -1.177    -14.935
    -0.030      0.120    -17.971
    -0.028     -0.959    -16.671
    -0.024      0.098     -0.449
    -0.031      1.172    -11.124
    -0.030      0.679     -4.537
    -0.033     -0.592    -14.993
    -0.034      0.492    -10.635
    -0.037      0.287    -15.699
    -0.038     -0.040    -18.446
    -0.037     -0.147    -15.046
    -0.033      0.281     -6.659
    -0.035      0.603     -8.481
    -0.039      0.008    -16.004
    -0.040      0.811    -13.579
    -0.034      0.060     -5.900
    -0.039     -0.707    -14.167
    -0.042      1.376    -11.359
    -0.037     -0.095     -8.605
    -0.051      0.012    -28.228
    -0.044      0.216    -17.254
    -0.040     -0.571    -13.310
    -0.042     -0.284    -14.117
    -0.038      0.095     -5.441
    -0.063      2.373    -29.465
    -0.043     -0.920    -12.195
    -0.052      0.740    -16.864
    -0.047     -0.649    -14.029
    -0.049     -0.495    -16.287
    -0.054     -0.264    -19.923
    -0.046     -0.688    -11.690
    -0.033      0.143      9.733
    -0.054     -0.814    -18.787
    -0.054      0.297    -15.231
    -0.049     -0.637    -10.743
    -0.057      1.719    -11.624
    -0.055      1.159    -10.597
    -0.062     -0.458    -21.569
    -0.057     -0.581    -12.769
    -0.054      0.460     -6.373
    -0.058     -0.620    -13.612
    -0.061      1.123    -11.257
    -0.073      1.350    -21.546
    -0.057      1.023     -5.671
    -0.054      0.488     -4.259
    -0.056      0.365     -6.245
    -0.063      0.504    -12.791
    -0.058      1.583     -3.488
    -0.062     -0.930    -14.604
    -0.053      0.257     -1.661
    -0.065     -0.434    -15.319
    -0.062      0.243     -9.597
    -0.073      1.046    -16.696
    -0.059     -1.272     -9.341
    -0.071      0.284    -15.127
    -0.069     -0.436    -14.621
    -0.066     -0.150    -10.856
    -0.065      0.696     -5.365
    -0.077      0.844    -14.292
    -0.064     -0.289     -6.975
    -0.065     -0.278     -7.525
    -0.074     -0.313    -14.004
    -0.072      0.747     -7.384
    -0.077      0.265    -12.177
    -0.081     -1.353    -19.169
    -0.077     -0.289    -11.829
    -0.087      0.145    -17.160
    -0.079      0.499    -10.104
    -0.078      0.238     -9.317
    -0.085     -0.343    -16.780
    -0.083      0.554    -12.093
    -0.089      0.273    -17.149
    -0.091      0.565    -17.365
    -0.086      0.763    -12.823
    -0.090     -0.644    -19.106
    -0.085     -0.451    -13.824
    -0.071      0.653      0.492
    -0.079      0.868     -3.170
    -0.087      0.273    -10.080
    -0.096     -0.033    -15.933
    -0.093      1.332     -9.460
    -0.091      1.086     -8.615
    -0.106      0.202    -21.645
    -0.072     -0.848     -1.712
    -0.096     -0.039    -15.338
    -0.076      0.450      0.662
    -0.099     -0.188    -16.581
    -0.095     -0.091    -12.990
    -0.095     -0.657    -12.834
    -0.090     -0.408     -7.034
    -0.110     -0.018    -17.675
    -0.102      0.576    -10.544
    -0.095     -0.277     -8.195
    -0.092     -0.264     -5.701
    -0.113      0.527    -15.208
    -0.104     -0.204    -11.659
    -0.115      0.453    -14.578
    -0.117      0.134    -16.730
    -0.073      0.320      9.344
    -0.097      0.849     -2.340
    -0.109     -0.478    -13.393
    -0.109      0.454     -9.332
    -0.120     -1.459    -21.112
    -0.107      0.066     -8.504
    -0.115      0.469    -10.861
    -0.115     -0.623    -14.016
    -0.116     -0.183    -12.728
    -0.134      0.347    -20.293
    -0.126      0.581    -15.259
    -0.103     -0.150     -5.346
    -0.121     -0.288    -15.321
    -0.112     -0.190    -10.200
    -0.128     -0.586    -19.634
    -0.130     -0.370    -20.090
    -0.101      0.149     -2.718
    -0.112      0.169     -7.992
    -0.141     -0.060    -23.797
    -0.118      0.848     -7.804
    -0.112     -0.350     -8.632
    -0.129      0.811    -12.768
    -0.114     -0.028     -7.951
    -0.121     -0.252    -10.904
    -0.133      0.490    -13.974
    -0.117     -0.302     -8.067
    -0.119      0.325     -6.649
    -0.127     -0.118    -11.957
    -0.104     -0.913     -3.286
    -0.132     -0.471    -14.475
    -0.138      0.376    -14.726
    -0.128     -0.892    -13.985
    -0.127     -0.408    -11.058
    -0.110      0.248     -0.580
    -0.134      0.833     -9.649
    -0.129      0.470     -8.168
    -0.139      0.150    -13.269
    -0.111     -0.176     -1.155
    -0.139      1.000     -9.533
    -0.132      0.949     -6.551
    -0.148      0.038    -16.054
    -0.144      0.288    -11.821
    -0.136      0.179     -8.819
    -0.136     -0.448    -10.580
    -0.134      0.307     -6.280
    -0.119     -0.243     -1.505
    -0.167     -0.628    -23.117
    -0.179      0.145    -25.339
    -0.136      0.278     -6.329
    -0.145     -0.602    -11.972
    -0.150      1.239     -7.333
    -0.168      0.567    -16.000
    -0.138      0.213     -3.671
    -0.171     -0.896    -20.027
    -0.164      0.152    -13.622
    -0.157     -0.053    -11.384
    -0.170      0.232    -15.033
    -0.151      0.080     -7.846
    -0.164      1.260     -8.970
    -0.173      0.235    -14.804
    -0.156     -0.523    -10.851
    -0.154      0.578     -6.369
    -0.178      0.662    -15.022
    -0.159      0.367     -8.675
    -0.169     -0.132    -13.514
    -0.183      0.147    -17.206
    -0.148      0.498     -3.056
    -0.176      0.298    -14.067
    -0.166      1.123     -7.211
    -0.159     -0.063     -8.282
    -0.176      0.116    -14.001
    -0.179     -0.248    -15.345
    -0.179     -0.425    -15.567
    -0.179      0.162    -12.000
    -0.149     -0.393     -3.290
    -0.182      1.435     -7.610
    -0.177      0.356     -9.494
    -0.170      0.457     -6.609
    -0.183     -0.810    -14.687
    -0.160      0.220     -3.387
    -0.160     -0.971     -6.775
    -0.172      0.592     -5.575
    -0.173     -0.126     -7.750
    -0.180     -0.224    -10.383
    -0.153      0.349      0.336
    -0.185     -0.387    -12.400
    -0.188     -0.382    -13.345
    -0.191      1.467     -7.963
    -0.151     -0.318     -0.525
    -0.215      0.265    -19.864
    -0.179      0.368     -7.229
    -0.199     -1.038    -18.156
    -0.215      0.258    -18.920
    -0.182      0.318     -7.496
    -0.154     -0.280     -0.551
    -0.184      0.238     -8.188
    -0.183      1.036     -4.731
    -0.196      0.016    -11.913
    -0.198     -0.577    -14.173
    -0.209     -0.484    -17.090
    -0.201      0.276    -11.803
    -0.195     -0.688    -12.684
    -0.234     -0.384    -23.479
    -0.186     -0.246     -8.182
    -0.217     -0.271    -17.470
    -0.202     -0.509    -13.531
    -0.198     -0.114    -10.401
    -0.235     -0.048    -21.385
    -0.214      0.423    -13.547
    -0.226      0.979    -14.869
    -0.236      0.133    -20.277
    -0.190      0.064     -6.267
    -0.219      0.605    -13.123
    -0.239      0.183    -20.388
    -0.223      0.314    -14.897
    -0.210      0.440    -10.438
    -0.257     -0.535    -27.314
    -0.199      0.120     -8.010
    -0.223      1.166    -11.060
    -0.235      0.731    -14.623
    -0.234      1.374    -12.331
    -0.213      1.150     -7.033
    -0.212      0.896     -7.403
    -0.236      0.876    -13.261
    -0.213     -0.334    -10.015
    -0.245      0.166    -15.993
    -0.234      1.248     -9.065
    -0.199     -0.236     -4.133
    -0.206      0.037     -4.963
    -0.225     -0.761    -12.533
    -0.198     -0.383     -3.746
    -0.190      0.464      1.228
    -0.245      0.810    -12.357
    -0.259     -0.739    -20.982
    -0.226      0.554     -7.964
    -0.239     -0.474    -14.245
    -0.226      0.986     -6.016
    -0.241      1.302     -9.036
    -0.252      0.284    -15.187
    -0.262      0.373    -17.284
    -0.261      0.259    -17.168
    -0.235     -0.135    -11.574
    -0.242     -0.034    -12.876
    -0.224      0.727     -5.219
    -0.250     -0.621    -16.323
    -0.269      0.546    -17.241
    -0.264      0.118    -16.942
    -0.275      0.157    -19.504
    -0.249      0.302    -11.881
    -0.248     -0.013    -12.665
    -0.271      0.475    -16.892
    -0.244     -1.344    -15.738
    -0.205      0.070     -1.360
    -0.242      0.469     -9.185
    -0.243      1.067     -7.210
    -0.263      0.424    -14.294
    -0.254      0.456    -12.006
    -0.248     -1.182    -15.098
    -0.292     -1.220    -25.607
    -0.274     -0.810    -19.445
    -0.297      0.297    -21.057
    -0.246      1.146     -5.536
    -0.221      0.754     -0.619
    -0.231     -0.195     -5.606
    -0.280      1.448    -11.790
    -0.283      1.527    -11.962
    -0.266      0.332    -11.981
    -0.224     -0.381     -3.981
    -0.266      0.042    -12.672
    -0.196     -0.211      3.270
    -0.240      0.049     -5.963
    -0.299      0.207    -18.787
    -0.310      0.576    -19.752
    -0.282     -0.407    -16.073
    -0.288     -0.551    -17.777
    -0.280     -0.235    -14.738
    -0.287      0.296    -14.326
    -0.306      1.084    -15.317
    -0.301      0.961    -14.196
    -0.329      0.719    -20.934
    -0.180     -0.570      8.385
    -0.293      0.343    -13.442
    -0.268     -0.161     -9.544
    -0.285      0.660    -10.502
    -0.281      0.596     -9.787
    -0.273      0.388     -8.751
    -0.276      0.843     -7.779
    -0.268     -0.513     -9.899
    -0.302     -0.780    -18.171
    -0.332     -0.121    -22.175
    -0.288      1.332     -7.934
    -0.285      1.165     -7.649
    -0.301     -0.435    -16.338
    -0.283     -0.428    -12.085
    -0.261      0.654     -3.253
    -0.261     -0.475     -6.520
    -0.302     -0.701    -15.701
    -0.307      1.225    -10.456
    -0.305     -0.473    -15.380
    -0.304      0.010    -13.536
    -0.299     -0.709    -14.627
    -0.340      0.066    -20.155
    -0.370     -0.628    -28.580
    -0.307     -0.479    -15.081
    -0.329     -0.079    -18.109
    -0.333     -1.126    -22.031
    -0.322     -0.504    -17.459
    -0.288     -0.631    -10.779
    -0.232      0.942      6.375
    -0.332     -0.755    -19.188
    -0.273     -0.094     -5.254
    -0.292     -0.406     -9.789
    -0.317      1.283     -9.109
    -0.312     -0.078    -12.321
    -0.399      0.569    -27.336
    -0.299      0.965     -5.798
    -0.313     -0.538    -13.389
    -0.331     -0.125    -15.137
    -0.284     -0.229     -6.389
    -0.298     -0.123     -8.585
    -0.193     -0.410     10.975
    -0.319      0.247    -11.459
    -0.280      0.447     -3.035
    -0.361      0.280    -18.928
    -0.352     -0.556    -19.852
    -0.365     -1.316    -24.642
    -0.348     -0.275    -17.886
    -0.273      0.021     -2.573
    -0.311      0.316     -8.445
    -0.312      1.620     -4.129
    -0.314     -0.249    -10.387
    -0.246     -0.194      2.844
    -0.294      0.062     -5.311
    -0.318      0.449     -8.483
    -0.323     -0.303    -11.594
    -0.364      0.257    -17.157
    -0.335      0.967     -9.371
    -0.312     -0.291     -9.263
    -0.340      0.530    -11.401
    -0.344     -0.117    -14.308
    -0.342      0.234    -12.712
    -0.293     -0.699     -6.491
    -0.333     -0.771    -13.941
    -0.459      1.052    -31.188
    -0.380     -0.396    -20.640
    -0.368      0.865    -14.096
    -0.337      0.199    -10.402
    -0.323      0.569     -6.427
    -0.378     -0.120    -17.486
    -0.312     -0.345     -6.577
    -0.330      0.516     -6.769
    -0.394      0.650    -17.244
    -0.322     -0.760     -9.150
    -0.317      0.697     -3.307
    -0.359      0.194    -11.819
    -0.368     -0.777    -16.534
    -0.316      0.644     -2.786
    -0.399      0.335    -18.108
    -0.380      0.351    -14.584
    -0.384     -0.037    -16.113
    -0.351     -0.519    -12.127
    -0.375     -0.013    -14.472
    -0.386     -0.189    -16.319
    -0.347      0.020     -8.954
    -0.392     -0.709    -18.854
    -0.276     -0.518      1.820
    -0.334      0.700     -3.794
    -0.103      0.165     33.146
    -0.370      0.044    -11.851
    -0.355      1.165     -5.662
    -0.395      1.364    -11.614
    -0.328     -0.218     -5.592
    -0.354     -0.713    -11.453
    -0.363     -1.412    -15.096
    -0.352     -1.343    -12.792
    -0.396     -1.226    -19.541
    -0.398     -0.379    -17.044
    -0.397      0.645    -13.307
    -0.400     -0.431    -17.062
    -0.403     -1.094    -19.636
    -0.367     -0.218    -10.773
    -0.404      1.018    -12.092
    -0.444      0.838    -19.037
    -0.373      0.081     -9.661
    -0.334     -0.381     -4.767
    -0.324     -0.456     -3.400
    -0.356     -0.398     -7.978
    -0.394      0.291    -11.718
    -0.385     -0.209    -11.929
    -0.326     -0.158     -2.319
    -0.425      0.735    -14.717
    -0.400      0.417    -11.809
    -0.388      0.559     -9.326
    -0.423      0.010    -16.674
    -0.411      0.484    -12.900
    -0.403      0.218    -12.353
    -0.424      0.763    -13.611
    -0.375     -0.107     -8.607
    -0.423      1.491    -10.829
    -0.404      0.869     -9.837
    -0.411     -1.097    -17.167
    -0.378      0.010     -8.473
    -0.263     -0.470      7.936
    -0.417     -0.279    -14.981
    -0.332     -0.447     -2.407
    -0.327      0.681      2.085
    -0.482     -1.155    -27.510
    -0.405      0.785     -9.252
    -0.394      0.091     -9.709
    -0.386     -0.314     -9.735
    -0.401      0.619     -8.723
    -0.388      0.784     -6.112
    -0.391     -0.404    -10.051
    -0.421      1.335     -8.546
    -0.359     -0.071     -3.785
    -0.409     -0.108    -11.425
    -0.381      0.065     -6.613
    -0.383      1.556     -1.896
    -0.445     -0.207    -16.660
    -0.432      0.109    -13.547
    -0.396      0.300     -7.490
    -0.306     -0.259      4.077
    -0.456     -0.124    -17.411
    -0.450      1.168    -12.138
    -0.438      1.065    -10.672
    -0.317     -0.993      0.523
    -0.439     -0.086    -14.110
    -0.471     -0.323    -19.108
    -0.421      0.045    -10.592
    -0.387     -1.148     -9.362
    -0.457      0.301    -14.378
    -0.423      1.068     -6.957
    -0.423     -0.126    -10.794
    -0.421      0.816     -7.438
    -0.420      1.200     -5.879
    -0.392      0.797     -3.035
    -0.427     -0.509    -12.183
    -0.373     -0.369     -4.050
    -0.433     -0.638    -13.340
    -0.443      1.002     -9.258
    -0.394     -0.264     -6.401
    -0.472      0.885    -13.631
    -0.440      0.033    -11.861
    -0.438      0.925     -8.635
    -0.468      1.045    -11.591
    -0.427     -0.657    -11.230
    -0.475     -0.058    -15.849
    -0.438     -0.477    -11.912
    -0.494      0.465    -16.420
    -0.476      1.263    -11.382
    -0.422      0.167     -7.520
    -0.427     -0.104     -8.782
    -0.374      0.477      0.511
    -0.416     -0.420     -8.099
    -0.457     -0.272    -12.717
    -0.415      0.123     -5.681
    -0.375      0.010     -0.592
    -0.551      0.833    -21.397
    -0.489     -0.095    -16.014
    -0.451      0.711     -8.030
    -0.493     -0.446    -17.183
    -0.506      0.423    -16.032
    -0.573     -0.217    -26.979
    -0.507      0.125    -17.022
    -0.441      0.528     -6.531
    -0.408     -0.430     -5.155
    -0.514      0.397    -16.251
    -0.422     -0.792     -7.883
    -0.454      0.130     -9.101
    -0.527      0.063    -18.941
    -0.481      1.685     -7.573
    -0.444     -0.432     -9.603
    -0.468      0.350    -10.115
    -0.404      0.063     -2.504
    -0.451      0.318     -7.719
    -0.455     -0.661    -11.478
    -0.507      1.408    -11.327
    -0.491     -0.228    -14.546
    -0.411      0.376     -1.815
    -0.525     -0.118    -18.007
    -0.495     -0.168    -14.279
    -0.478      1.070     -7.884
    -0.545     -0.570    -21.863
    -0.393      0.370      0.727
    -0.497      1.007    -10.280
    -0.441     -1.098    -10.018
    -0.497     -0.438    -14.736
    -0.553      0.673    -18.239
    -0.411     -0.452     -3.680
    -0.494      0.205    -11.997
    -0.480      0.746     -8.219
    -0.606      0.752    -23.955
    -0.520      0.551    -13.726
    -0.518      0.243    -13.983
    -0.428      0.711     -1.036
    -0.487     -0.076    -10.843
    -0.500     -0.564    -14.013
    -0.372     -0.833      0.990
    -0.435      0.110     -3.695
    -0.457     -0.225     -7.525
    -0.530     -0.310    -16.641
    -0.465      0.747     -5.096
    -0.580     -0.168    -22.235
    -0.476      1.183     -4.930
    -0.481      0.285     -8.470
    -0.533      0.766    -13.246
    -0.509     -0.626    -14.712
    -0.478      0.343     -7.668
    -0.533      0.523    -13.750
    -0.537      0.065    -15.613
    -0.510      1.260     -8.420
    -0.390      0.212      3.038
    -0.523      0.656    -11.640
    -0.453      0.056     -5.127
    -0.516      0.026    -12.803
    -0.495      0.048     -9.756
    -0.490      0.842     -6.458
    -0.553      1.055    -13.096
    -0.558      0.018    -16.889
    -0.496      0.192     -8.596
    -0.529      0.040    -12.955
    -0.589      0.802    -17.164
    -0.555     -0.006    -15.747
    -0.491      0.728     -5.516
    -0.499      0.834     -5.908
    -0.524      0.526     -9.837
    -0.534      0.065    -12.542
    -0.631      0.541    -22.269
    -0.503      0.467     -7.429
    -0.511     -0.297    -10.740
    -0.458     -0.298     -4.309
    -0.574     -0.378    -18.044
    -0.511      1.273     -5.102
    -0.584      0.394    -16.451
    -0.503     -0.482     -9.759
    -0.560      0.910    -11.735
    -0.529      0.774     -8.414
    -0.567     -0.336    -16.434
    -0.509      0.742     -6.127
    -0.498     -0.721     -9.670
    -0.497      0.330     -6.119
    -0.494     -0.448     -8.141
    -0.589      0.504    -15.888
    -0.348     -0.136      9.666
    -0.595      0.157    -17.434
    -0.521      0.747     -6.655
    -0.589     -0.130    -17.044
    -0.530      1.040     -6.597
    -0.514      0.270     -7.170
    -0.452     -0.691     -3.391
    -0.545     -0.436    -12.895
    -0.541      0.012    -11.050
    -0.495      0.851     -2.822
    -0.511     -0.553     -9.134
    -0.509     -0.404     -8.080
    -0.521      0.702     -5.353
    -0.654      0.945    -19.038
    -0.525     -0.655     -9.964
    -0.581      0.411    -12.499
    -0.525      0.243     -6.724
    -0.554     -0.452    -12.241
    -0.578     -0.362    -14.501
    -0.548     -0.137    -10.259
    -0.565     -0.250    -12.455
    -0.466      0.133     -0.345
    -0.593     -0.784    -17.095
    -0.592      0.462    -12.794
    -0.538      0.799     -5.855
    -0.582      0.159    -12.732
    -0.608      1.239    -11.848
    -0.591      0.243    -13.151
    -0.581      1.179     -9.005
    -0.543      0.893     -5.673
    -0.497     -0.531     -5.335
    -0.599      0.689    -12.288
    -0.559     -0.149    -10.595
    -0.630      0.645    -15.561
    -0.492     -0.567     -4.725
    -0.512      0.850     -1.962
    -0.536     -0.164     -7.643
    -0.596      0.907    -10.541
    -0.502     -0.362     -4.394
    -0.646     -0.827    -21.153
    -0.579      0.019    -11.213
    -0.608     -0.194    -14.650
    -0.610     -0.198    -14.915
    -0.491     -0.580     -3.647
    -0.581      0.921     -7.904
    -0.683      1.125    -17.988
    -0.559     -0.660    -10.837
    -0.617      1.244    -10.614
    -0.615     -0.581    -16.200
    -0.595      0.033    -11.911
    -0.588      0.754     -8.768
    -0.642     -0.197    -17.335
    -0.583     -0.412    -11.877
    -0.612     -0.420    -14.418
    -0.618     -0.477    -15.183
    -0.644      0.098    -15.894
    -0.616     -0.843    -16.076
    -0.553     -0.048     -6.985
    -0.658      1.820    -11.389
    -0.589     -1.039    -13.693
    -0.571     -0.327     -9.473
    -0.587     -0.050    -10.140
    -0.599     -0.980    -14.330
    -0.630     -0.911    -17.308
    -0.570      0.793     -5.606
    -0.596     -0.710    -12.526
    -0.718      1.947    -16.081
    -0.625      0.769    -10.449
    -0.599     -0.364    -11.568
    -0.660      0.213    -15.584
    -0.611     -1.336    -15.640
    -0.605     -0.272    -11.549
    -0.620     -0.474    -13.700
    -0.576     -0.497     -9.227
    -0.627     -0.216    -13.264
    -0.618      1.636     -6.184
    -0.626     -0.208    -12.919
    -0.619      0.881     -8.633
    -0.692     -0.689    -21.045
    -0.614      0.700     -8.740
    -0.626      0.549    -10.309
    -0.605     -0.475    -11.087
    -0.643      0.716    -10.938
    -0.674     -0.409    -17.609
    -0.689     -0.237    -18.299
    -0.572     -0.440     -7.432
    -0.635      0.684     -9.803
    -0.618      0.135     -9.860
    -0.590     -0.245     -8.284
    -0.649     -0.385    -14.406
    -0.642      1.187     -8.539
    -0.641      0.241    -11.419
    -0.642     -0.364    -13.392
    -0.675     -0.585    -17.263
    -0.630     -0.559    -12.649
    -0.680     -0.225    -16.189
    -0.651      0.062    -12.014
    -0.520     -0.496     -1.252
    -0.660      0.243    -11.914
    -0.704      1.372    -12.399
    -0.573     -0.405     -5.678
    -0.581     -0.111     -5.479
    -0.663     -0.161    -13.310
    -0.675      0.749    -11.371
    -0.674     -0.397    -15.050
    -0.544     -0.293     -2.335
    -0.570      0.436     -2.274
    -0.706      1.493    -11.246
    -0.652      0.042    -10.917
    -0.730      1.795    -12.028
    -0.633     -0.888    -11.771
    -0.662      1.400     -6.876
    -0.675      1.145     -8.511
    -0.665      0.451     -9.830
    -0.670     -0.007    -11.745
    -0.659     -0.022    -10.687
    -0.642     -0.193     -9.565
    -0.741      1.392    -13.474
    -0.630      0.967     -4.328
    -0.695     -0.585    -15.313
    -0.649     -0.405    -10.382
    -0.665      0.176     -9.891
    -0.699     -0.102    -13.805
    -0.656      0.840     -6.757
    -0.625      0.188     -5.867
    -0.693     -0.216    -13.042
    -0.591     -0.354     -4.192
    -0.721     -0.031    -14.777
    -0.731      0.266    -14.561
    -0.758     -0.148    -18.105
    -0.723     -0.023    -14.625
    -0.637      0.032     -6.671
    -0.744     -0.468    -17.697
    -0.745      1.571    -10.892
    -0.693     -0.505    -13.009
    -0.544     -0.131      1.506
    -0.761     -0.038    -17.360
    -0.756      1.390    -12.145
    -0.655     -0.766    -10.105
    -0.659     -0.786    -10.474
    -0.677     -1.158    -13.175
    -0.699     -0.654    -13.452
    -0.666     -0.598    -10.365
    -0.645     -0.501     -8.185
    -0.638      0.850     -3.095
    -0.602      0.044     -2.526
    -0.668      1.529     -3.324
    -0.725     -0.860    -16.142
    -0.569     -0.417     -0.981
    -0.772      1.357    -12.635
    -0.737     -0.058    -14.066
    -0.635     -1.264     -9.133
    -0.753     -0.394    -16.316
    -0.693     -0.790    -12.298
    -0.708      0.900     -7.976
    -0.751     -0.691    -16.377
    -0.636      0.627     -2.224
    -0.697     -0.436    -10.864
    -0.701      0.580     -7.865
    -0.821     -0.093    -20.201
    -0.768      1.718     -9.726
    -0.719     -0.015    -11.297
    -0.687     -0.400     -9.482
    -0.813      1.592    -13.586
    -0.684      0.943     -4.816
    -0.647      0.796     -2.110
    -0.763     -0.528    -16.017
    -0.691      0.729     -5.711
    -0.776      1.322    -10.860
    -0.703     -0.716    -11.284
    -0.725     -0.104    -11.012
    -0.684     -0.006     -7.082
    -0.722      0.768     -7.604
    -0.874     -0.575    -24.474
    -0.702     -0.844    -11.055
    -0.683     -0.359     -7.804
    -0.701     -1.026    -11.223
    -0.764     -0.370    -14.228
    -0.776     -0.376    -15.217
    -0.768      0.220    -12.537
    -0.698      0.167     -6.734
    -0.786     -0.615    -16.526
    -0.776      1.064    -10.017
    -0.678     -0.930     -8.385
    -0.774      1.549     -8.009
    -0.823      0.307    -15.970
    -0.718      0.758     -5.891
    -0.804      0.050    -14.939
    -0.742     -0.771    -12.561
    -0.791     -0.200    -14.634
    -0.781     -0.389    -14.397
    -0.755      1.127     -7.380
    -0.703      0.956     -3.505
    -0.764      1.228     -7.480
    -0.708      0.029     -6.833
    -0.676      0.165     -3.636
    -0.656     -0.402     -3.869
    -0.705     -0.429     -7.718
    -0.752     -0.423    -11.469
    -0.746      0.162     -8.953
    -0.825     -0.231    -16.239
    -0.714      0.814     -3.979
    -0.783      0.022    -11.900
    -0.687     -0.628     -6.227
    -0.750      0.206     -8.398
    -0.716     -0.428     -7.713
    -0.731     -0.170     -7.996
    -0.819      0.134    -13.773
    -0.811      1.111     -9.919
    -0.854      1.587    -11.747
    -0.695     -0.609     -6.377
    -0.524      0.206      9.811
    -0.787     -0.539    -13.097
    -0.658     -0.262     -2.079
    -0.674     -0.543     -4.175
    -0.748      0.321     -7.027
    -0.777      1.097     -6.697
    -0.818     -0.017    -13.539
    -0.738     -0.771     -9.717
    -0.836      0.264    -13.763
    -0.726      0.039     -5.852
    -0.861      0.327    -15.290
    -0.834      1.155    -10.300
    -0.814      0.850     -9.743
    -0.725      0.590     -3.657
    -0.799      1.520     -6.131
    -1.177      2.293    -32.073
    -0.800      1.253     -6.548
    -0.830      1.321     -8.486
    -0.741      0.763     -3.547
    -0.850      0.939    -11.201
    -0.796      0.397     -8.777
    -0.853     -0.145    -14.821
    -0.886      1.099    -13.171
    -0.852      0.216    -13.349
    -0.826      0.251    -11.166
    -0.900     -0.211    -18.174
    -0.833     -0.099    -12.776
    -0.676     -0.433     -2.098
    -0.716     -0.180     -4.182
    -0.732     -0.340     -5.866
    -0.750     -0.591     -8.042
    -0.824      0.310    -10.604
    -0.837     -0.435    -13.916
    -0.662     -0.428     -0.792
    -0.808     -0.259    -11.040
    -0.837     -0.139    -12.744
    -0.726      0.783     -1.442
    -0.845      0.761    -10.277
    -0.868      0.368    -13.317
    -0.787      1.537     -3.246
    -0.879     -0.046    -15.250
    -0.699     -0.368     -2.941
    -0.911     -0.114    -17.798
    -0.901     -0.514    -18.321
    -0.710     -0.340     -3.622
    -0.870     -0.040    -14.438
    -0.809      0.069     -9.534
    -0.807      0.480     -7.865
    -0.852     -0.710    -15.077
    -0.798     -0.557    -10.569
    -0.764      0.028     -6.121
    -0.902     -0.434    -17.791
    -0.828      1.283     -6.699
    -0.732      0.541     -2.087
    -0.678      0.586      2.213
    -0.869     -0.009    -13.728
    -0.892     -0.077    -15.514
    -0.837     -0.247    -12.024
    -0.838      0.202    -10.565
    -0.897      1.720     -9.725
    -0.849     -0.375    -13.077
    -0.819      1.176     -5.806
    -0.901     -0.286    -16.480
    -0.710     -0.238     -2.279
    -0.860      1.335     -7.959
    -0.785      0.544     -5.123
    -0.723     -0.439     -3.830
    -0.843     -0.639    -13.166
    -0.867      0.144    -12.309
    -0.769      0.230     -4.928
    -0.729     -1.015     -5.936
    -0.942     -0.361    -19.098
    -0.817     -0.483    -10.353
    -0.857     -0.264    -12.461
    -0.956      0.097    -18.291
    -0.903     -0.446    -16.243
    -0.737     -0.366     -3.948
    -0.899      1.522     -9.148
    -0.806     -0.253     -8.298
    -0.719      0.634      0.813
    -0.740      0.414     -1.364
    -0.971      0.413    -17.713
    -0.841      0.305     -8.827
    -0.781      0.600     -3.226
    -0.800      0.140     -5.946
    -0.812      0.622     -5.003
    -0.782     -0.455     -6.228
    -0.959     -0.052    -17.239
    -0.897      1.649     -7.294
    -0.789      0.577     -3.221
    -0.867     -0.117    -10.769
    -0.807     -1.262    -10.146
    -0.741     -1.055     -4.779
    -0.611     -0.188      7.152
    -0.783     -0.056     -4.196
    -0.869     -0.529    -11.596
    -0.817      1.201     -2.322
    -0.874     -0.658    -12.288
    -0.733      0.035     -0.275
    -0.876      0.558     -8.000
    -0.873      1.128     -5.813
    -0.880      0.262     -8.930
    -0.946      0.674    -11.970
    -0.881      0.107     -9.419
    -0.788     -0.807     -5.948
    -0.910      0.627     -9.283
    -1.013     -0.305    -19.208
    -0.903      0.311     -9.744
    -0.965      0.162    -14.319
    -0.849     -0.561     -8.831
    -0.908     -0.148    -11.350
    -0.819     -0.417     -5.998
    -0.903      1.008     -6.825
    -0.952      1.147     -9.588
    -0.891      0.903     -6.260
    -1.047      0.332    -18.316
    -0.938      0.956     -8.982
    -0.939      1.379     -7.641
    -0.853     -0.762     -8.942
    -0.875      0.890     -4.851
    -0.972     -0.055    -14.311
    -0.963      1.380     -8.924
    -0.850      0.673     -3.737
    -0.939      1.451     -7.039
    -0.822     -0.162     -4.509
    -0.961      0.312    -11.923
    -0.889     -0.697    -10.485
    -0.826      0.516     -2.223
    -1.016      1.486    -11.299
    -0.893      0.257     -7.184
    -0.950      0.824     -9.010
    -0.981      0.893    -10.780
    -0.972      0.213    -12.371
    -0.914      1.086     -5.541
    -0.776     -0.639     -2.163
    -0.962      1.474     -7.222
    -0.888     -0.195     -7.902
    -0.957     -0.462    -13.081
    -0.967     -0.325    -13.299
    -0.823     -0.080     -3.067
    -0.885      0.737     -4.393
    -1.017     -0.104    -15.500
    -1.007      0.076    -14.205
    -0.815     -0.405     -3.437
    -1.029      1.514    -10.792
    -0.948      1.234     -6.555
    -0.870     -0.305     -6.564
    -0.860      0.523     -2.956
    -1.036      1.668    -10.402
    -1.041     -0.180    -16.662
    -1.003      0.080    -13.371
    -1.030     -0.547    -16.931
    -0.831      0.465     -0.902
    -0.959      1.035     -7.098
    -0.944      0.170     -8.961
    -0.978      1.583     -6.476
    -0.886     -0.625     -7.817
    -0.906     -0.629     -8.867
    -1.015      0.555    -11.761
    -0.968      1.252     -6.576
    -0.862      0.347     -2.750
    -1.079      1.572    -12.190
    -0.984     -0.382    -12.602
    -1.078      0.094    -16.828
    -0.889      1.097     -1.642
    -0.867     -0.763     -6.253
    -1.177      1.497    -18.080
    -1.060     -1.517    -20.652
    -0.906      0.428     -4.755
    -0.778     -0.801     -0.635
    -1.012     -0.205    -12.987
    -0.829     -0.489     -2.542
    -0.865     -0.190     -3.667
    -0.842     -1.104     -5.116
    -1.012     -0.764    -14.289
    -1.117     -0.588    -19.989
    -1.090      0.486    -14.752
    -0.868     -0.695     -5.058
    -1.114      0.070    -17.108
    -1.061     -0.650    -16.142
    -1.030      0.966     -8.917
    -0.941     -0.305     -7.709
    -1.114      0.344    -15.943
    -1.106     -0.062    -16.772
    -0.961      0.989     -4.556
    -0.903      0.688     -1.998
    -1.001      0.807     -7.406
    -1.028      0.012    -11.577
    -0.904     -0.017     -4.188
    -1.001      0.846     -7.087
    -1.001      0.886     -6.891
    -1.012     -0.254    -11.181
    -1.057     -0.465    -14.426
    -1.061     -0.118    -13.125
    -1.081     -0.444    -15.339
    -0.946      0.631     -3.815
    -0.924     -0.516     -6.189
    -0.960      1.233     -2.612
    -0.965     -0.248     -7.657
    -1.045     -0.516    -13.257
    -1.101      1.533     -9.787
    -0.975     -0.514     -9.024
    -1.016      0.476     -8.208
    -0.975      0.450     -5.864
    -0.909     -0.333     -4.412
    -0.959      0.360     -4.989
    -1.099      1.398     -9.775
    -0.959      0.619     -3.924
    -0.784     -0.994      1.028
    -0.981     -0.939    -10.106
    -1.105     -0.085    -14.505
    -1.113      1.340    -10.325
    -1.003      0.709     -5.933
    -0.845     -0.603     -1.020
    -1.011      1.314     -4.382
    -0.927      0.798     -1.182
    -0.924     -1.140     -7.293
    -1.012      1.028     -5.211
    -1.062     -0.027    -11.517
    -0.849      0.604      2.977
    -1.137      0.491    -14.003
    -1.058      1.335     -6.624
    -0.731      0.235      8.585
    -1.005      1.089     -4.228
    -0.970     -1.282     -9.707
    -1.030      1.005     -5.480
    -0.938     -0.643     -5.526
    -0.999     -0.425     -8.287
    -1.118      1.289     -9.452
    -0.989      0.497     -4.638
    -1.046      0.988     -6.211
    -0.936     -0.395     -4.447
    -0.850     -0.332      0.651
    -1.059      0.990     -6.770
    -1.189      0.418    -15.988
    -1.082     -0.274    -12.105
    -1.018      1.123     -3.879
    -1.218      0.364    -17.657
    -1.148      1.245    -10.855
    -0.927     -1.034     -5.756
    -1.011      0.699     -4.758
    -1.032     -0.135     -8.644
    -1.034      0.459     -6.768
    -0.960      0.229     -3.362
    -1.096      1.191     -7.831
    -1.052      0.439     -7.807
    -1.233     -0.100    -19.713
    -0.909     -0.139     -1.518
    -1.033     -0.429     -9.371
    -1.041     -0.218     -9.080
    -0.820     -0.194      3.445
    -0.930      1.322      2.299
    -1.062      1.170     -5.435
    -1.110     -0.177    -12.393
    -1.067      0.076     -9.143
    -1.056      1.012     -5.466
    -1.127      0.247    -11.871
    -1.091      0.187    -10.032
    -1.041     -0.773    -10.359
    -1.102      0.164    -10.576
    -1.262      0.337    -18.830
    -1.034     -0.630     -9.256
    -1.019     -0.558     -7.911
    -1.045      0.613     -5.507
    -1.032     -0.489     -8.119
    -1.162     -0.001    -13.393
    -1.222      1.218    -12.514
    -1.073      0.576     -6.381
    -0.975      0.547     -1.101
    -1.067      0.239     -7.066
    -1.098     -0.373    -10.699
    -0.979      0.125     -2.647
    -1.073      0.995     -4.871
    -1.260     -0.439    -19.290
    -0.516      0.067     22.437
    -1.018     -0.247     -5.500
    -1.156     -0.637    -14.080
    -0.995      0.510     -1.602
    -1.198      0.568    -12.130
    -0.978     -0.049     -2.336
    -0.930     -0.102      0.029
    -1.076     -0.739     -9.805
    -1.098      0.414     -7.159
    -1.006      1.118      0.100
    -1.018      0.794     -1.448
    -0.916     -0.387      0.174
    -1.144      0.225     -9.854
    -1.058     -0.913     -8.998
    -0.925      0.233      1.822
    -1.049     -1.007     -8.647
    -0.975     -0.230     -2.180
    -0.582      0.047     19.562
    -1.271      1.427    -11.845
    -1.312      0.410    -16.824
    -1.093      0.360     -5.513
    -1.136     -0.803    -11.474
    -1.084      0.346     -4.837
    -1.107     -0.267     -8.004
    -1.182      0.271     -9.895
    -1.073      0.055     -4.947
    -1.093     -1.262    -10.164
    -1.077      0.494     -3.445
    -1.046      0.735     -0.916
    -1.235      1.504     -8.017
    -0.978     -0.228     -0.536
    -1.123      0.841     -4.199
    -1.392      1.891    -14.373
    -1.564     -0.733    -31.618
    -1.263      0.111    -13.638
    -1.306      1.170    -12.180
    -0.867      0.257      7.021
    -1.279      1.539     -9.562
    -1.341      1.085    -14.098
    -1.135     -0.671     -9.345
    -1.265      0.885    -10.836
    -1.258     -0.400    -14.577
    -1.178      1.440     -4.518
    -1.340      0.695    -15.084
    -1.017      0.029     -0.890
    -1.275     -0.419    -15.212
    -1.126      0.294     -5.341
    -1.204     -0.511    -11.844
    -1.280      0.279    -12.997
    -1.251     -0.365    -13.413
    -1.174      1.413     -3.609
    -1.226     -0.084    -11.067
    -1.281      1.366     -9.003
    -1.249      1.451     -7.065
    -1.249      1.552     -6.709
    -1.208      0.450     -8.228
    -1.254      0.654     -9.822
    -1.154      1.071     -3.479
    -1.351      1.328    -12.311
    -1.150      0.377     -5.389
    -1.392      1.796    -12.640
    -1.064     -0.323     -3.383
    -1.081     -0.133     -3.426
    -1.123     -1.057     -8.515
    -1.217      0.737     -7.152
    -1.066     -0.184     -2.597
    -1.061     -0.361     -2.820
    -1.273     -0.014    -11.906
    -1.184     -0.117     -7.687
    -1.228     -0.834    -12.195
    -1.348      1.285    -11.042
    -1.365      1.746    -10.340
    -1.365      1.698    -10.449
    -1.153      0.612     -3.720
    -1.299      1.153     -8.976
    -1.522      0.126    -22.940
    -1.378      1.467    -11.578
    -1.184     -0.647     -9.078
    -1.076     -0.069     -1.989
    -1.343      1.199    -10.505
    -1.383      1.755    -10.550
    -0.986     -0.144      2.419
    -1.296     -0.269    -12.793
    -0.971     -0.265      2.803
    -1.265      1.462     -5.459
    -1.201      0.910     -4.173
    -1.197     -0.776     -9.463
    -1.198      0.214     -6.224
    -1.338      0.275    -12.492
    -1.345      0.598    -11.740
    -1.239      0.922     -5.674
    -1.410      0.466    -15.207
    -1.175     -1.134     -9.197
    -1.053      0.705      2.596
    -1.098     -0.114     -2.164
    -1.215     -0.733     -9.656
    -1.165     -0.418     -6.046
    -1.246     -0.239     -9.242
    -1.333      0.483    -10.889
    -1.390      1.672     -9.616
    -1.293     -0.215    -11.150
    -1.162      0.275     -3.313
    -1.169     -0.263     -5.269
    -1.267      0.369     -7.468
    -1.240     -0.559     -9.125
    -1.208      0.470     -4.200
    -1.131     -0.940     -5.235
    -1.179      0.031     -4.173
    -1.308      1.446     -5.366
    -1.205      0.897     -2.388
    -1.113      0.244     -0.254
    -1.389      0.012    -13.571
    -1.253      0.023     -7.274
    -1.340      0.044    -11.068
    -1.370      0.151    -12.033
    -1.248      0.171     -6.300
    -1.415      1.511     -9.479
    -1.089      0.237      1.470
    -1.357      0.277    -10.449
    -1.399      0.163    -12.691
    -1.474      0.044    -16.197
    -1.289      0.431     -6.389
    -1.361      0.422     -9.618
    -1.546     -0.263    -20.114
    -1.156     -0.709     -3.902
    -1.395      0.041    -12.086
    -1.366      0.210    -10.192
    -1.323      0.518     -7.156
    -1.194      1.146      0.763
    -1.285      0.306     -5.987
    -1.001     -0.924      2.644
    -1.200      0.758     -0.645
    -1.450      0.042    -13.874
    -1.541      0.027    -17.822
    -1.481     -0.933    -18.072
    -1.146      0.145      0.232
    -1.510      1.435    -11.414
    -1.231      0.445     -2.364
    -1.186      0.048     -1.634
    -1.347      0.950     -5.599
    -1.482      1.321    -10.171
    -1.574      0.857    -15.394
    -1.270      0.039     -4.767
    -1.503     -0.033    -14.984
    -1.380     -0.510    -11.235
    -1.655      0.657    -19.258
    -1.257      0.027     -4.125
    -1.316      1.149     -2.963
    -1.446      1.483     -7.421
    -1.477      1.138     -9.853
    -1.454      1.504     -7.622
    -1.615      0.392    -18.177
    -1.420      1.533     -5.904
    -1.186     -0.666     -3.050
    -1.345      0.696     -5.354
    -1.519      1.384    -10.567
    -1.435      0.201    -10.791
    -1.209      0.856      1.072
    -1.462      0.103    -12.164
    -1.400     -0.328    -10.757
    -1.359      0.213     -7.010
    -1.250     -0.393     -4.289
    -1.531      0.869    -12.048
    -1.468      0.744     -9.715
    -1.298      0.810     -2.072
    -1.332      0.478     -4.475
    -1.547      1.631     -9.708
    -1.468      1.156     -7.828
    -1.383      0.176     -7.466
    -1.697     -0.163    -21.323
    -0.978     -0.739      6.808
    -1.500      1.364     -7.946
    -1.587      0.216    -15.134
    -1.576      1.180    -11.409
    -1.176      0.253      2.175
    -1.505      0.793     -9.535
    -1.564     -0.111    -14.307
    -1.608      1.687    -10.215
    -1.522      0.354    -10.973
    -1.589      1.508     -9.894
    -1.536      0.164    -12.021
    -1.739      1.370    -16.304
    -1.707      1.431    -14.797
    -1.367     -1.010     -8.939
    -1.695      1.377    -14.315
    -1.572      0.544    -12.015
    -1.460     -0.389    -10.462
    -1.508      0.925     -8.027
    -1.451      1.265     -4.590
    -1.076     -0.458      5.175
    -1.376      0.548     -3.535
    -1.380     -0.149     -5.993
    -1.377     -0.098     -5.286
    -1.272      0.356      0.605
    -1.558     -0.901    -14.810
    -1.352      0.050     -3.514
    -1.417      0.360     -4.931
    -1.279     -0.429     -2.044
    -1.620      1.437     -9.421
    -1.548      0.482     -9.610
    -1.542      0.094    -10.635
    -1.453     -0.070     -7.622
    -1.655      1.357    -10.766
    -1.364     -0.679     -5.770
    -1.917      0.067    -24.973
    -1.537      0.326     -9.205
    -1.624      1.302     -9.275
    -1.679      0.753    -13.229
    -1.417      0.400     -4.021
    -1.480     -1.123    -11.200
    -1.345     -0.591     -4.013
    -1.561      1.209     -6.479
    -1.398     -0.541     -5.885
    -1.388     -1.279     -7.900
    -1.856      1.729    -16.121
    -1.644      0.773    -10.894
    -1.578     -0.466    -12.384
    -1.555      0.521     -8.191
    -1.758     -0.212    -18.342
    -1.685      1.452    -10.045
    -1.647      1.455     -8.445
    -1.299      0.134      0.605
    -1.684      1.361    -10.074
    -1.309     -0.387     -1.305
    -1.369     -0.738     -4.666
    -1.593      0.412     -8.663
    -1.626      1.446     -6.499
    -1.803      1.539    -12.857
    -1.402      0.186     -2.157
    -1.346     -0.179     -1.200
    -1.421      0.146     -2.935
    -1.457     -1.018     -7.934
    -1.688      1.186     -9.360
    -1.688     -0.550    -14.746
    -1.794      1.277    -12.434
    -1.774      1.500    -10.774
    -1.525      0.111     -6.090
    -1.593      0.006     -8.890
    -1.548      0.286     -6.300
    -1.687      1.150     -8.555
    -1.820      1.291    -12.892
    -1.737      1.404     -8.966
    -1.823      0.150    -16.142
    -1.354     -0.265     -0.141
    -1.673      0.237     -9.929
    -1.594      0.335     -6.675
    -1.608      0.147     -7.741
    -1.943      1.397    -15.748
    -1.388     -1.113     -3.675
    -1.562      0.227     -4.975
    -1.565     -1.227     -9.554
    -1.786      1.346     -8.925
    -1.513     -0.154     -3.932
    -1.614      1.130     -3.244
    -1.649     -0.950    -11.159
    -1.446     -0.696     -3.146
    -1.701      0.676     -7.382
    -1.732      0.384     -9.377
    -1.861      1.278    -10.894
    -1.989      0.710    -16.859
    -1.720     -0.103    -10.151
    -1.864      1.618     -9.488
    -1.780      0.583     -9.682
    -1.564     -0.687     -6.077
    -1.739      1.188     -5.929
    -1.402     -0.641     -0.294
    -1.775      0.876     -7.705
    -1.873      0.543    -11.829
    -1.561      0.023     -2.931
    -1.789      0.824     -7.979
    -1.776      0.643     -7.654
    -1.751      0.401     -7.385
    -1.958      1.546    -10.526
    -1.767     -0.500    -10.562
    -1.974      1.047    -12.295
    -1.965      1.443    -10.071
    -1.745     -0.162     -8.061
    -1.653     -0.171     -4.960
    -1.673     -0.043     -5.086
    -1.816     -0.269    -10.182
    -1.885      1.130     -7.308
    -1.861      0.518     -8.403
    -1.686     -0.555     -6.092
    -1.823      0.764     -5.571
    -1.922      0.384     -9.646
    -1.895      1.169     -5.946
    -1.969      0.780     -9.503
    -1.631      0.038     -0.960
    -1.733      0.393     -2.754
    -1.840     -0.833     -9.677
    -1.644      0.367      0.484
    -1.607      0.051      0.831
    -1.743      0.715     -0.769
    -1.722     -0.467     -3.832
    -2.034     -0.838    -14.293
    -1.895     -1.088    -10.733
    -1.688      0.242      0.139
    -2.046      0.890     -8.076
    -1.779     -1.114     -6.362
    -1.830      0.321     -2.662
    -1.808     -0.165     -3.551
    -1.806      0.028     -2.798
    -1.911      0.340     -3.405
    -1.766     -0.454     -1.420
    -2.184      1.043     -7.877
    -1.931     -0.110     -4.204
    -1.946      0.213     -2.965
    -3.446      2.017    -37.312
    -2.038     -0.099     -5.839
    -2.061     -0.345     -6.278
    -2.152      0.425     -5.855
    -2.150     -0.418     -7.556
    -2.315      0.123     -8.871
    -2.831     -1.507    -27.325
    -2.038     -0.112     -1.906
    -2.164     -0.196     -4.777
