   305.748    -42.408
   306.064    -44.575
   305.721    -43.053
   305.809    -43.515
   305.573    -42.519
   305.703    -43.187
   305.672    -43.069
   305.836    -43.838
   305.736    -43.454
   305.655    -43.136
   305.575    -42.758
   305.685    -43.346
   305.687    -43.453
   305.664    -43.581
   305.589    -43.221
   305.662    -43.599
   305.590    -43.388
   305.512    -43.050
   305.517    -43.078
   305.606    -43.544
   305.495    -43.069
   305.463    -42.930
   305.649    -43.946
   305.594    -43.681
   305.428    -43.005
   305.543    -43.634
   305.537    -43.675
   305.465    -43.340
   305.367    -42.872
   305.379    -42.938
   305.463    -43.405
   305.411    -43.194
   305.462    -43.462
   305.284    -42.767
   305.336    -43.085
   305.334    -43.110
   305.376    -43.383
   305.380    -43.468
   305.210    -42.670
   305.339    -43.469
   305.480    -44.229
   305.414    -43.898
   305.280    -43.495
   305.323    -43.751
   305.216    -43.261
   305.148    -42.944
   305.122    -42.947
   305.237    -43.613
   305.138    -43.163
   305.120    -43.104
   305.360    -44.543
   305.649    -46.155
   305.027    -42.651
   305.057    -42.909
   305.141    -43.430
   305.214    -44.143
   304.964    -42.712
   305.006    -42.989
   305.015    -43.088
   305.034    -43.318
   305.011    -43.270
   304.953    -42.952
   304.953    -43.029
   305.030    -43.638
   304.973    -43.309
   305.015    -43.623
   304.991    -43.587
   305.052    -44.056
   304.962    -43.577
   304.878    -43.035
   304.934    -43.416
   304.976    -43.956
   304.913    -43.567
   304.997    -44.293
   304.969    -44.176
   304.818    -43.173
   304.989    -44.373
   304.925    -44.112
   304.820    -43.431
   304.788    -43.303
   304.806    -44.138
   304.674    -43.198
   304.754    -43.863
   304.673    -43.331
   304.675    -43.386
   304.668    -43.434
   304.780    -44.301
   304.672    -43.540
   304.581    -43.078
   304.584    -43.243
   304.667    -43.906
   304.525    -43.030
   304.624    -43.872
   304.522    -43.066
   304.600    -43.716
   304.492    -42.876
   304.542    -43.338
   304.620    -43.998
   304.615    -43.978
   304.565    -43.604
   304.608    -43.970
   304.517    -43.297
   304.450    -42.770
   304.545    -43.636
   304.561    -43.832
   304.488    -43.261
   304.565    -43.991
   304.527    -43.708
   304.486    -43.560
   304.470    -43.479
   304.455    -43.411
   304.402    -42.968
   304.530    -44.066
   304.430    -43.216
   304.476    -43.641
   304.507    -43.978
   304.394    -43.022
   304.509    -44.110
   304.448    -43.600
   304.378    -43.141
   304.398    -43.334
   304.368    -43.101
   304.384    -43.312
   304.375    -43.359
   304.329    -43.013
   304.399    -44.014
   304.266    -42.842
   304.249    -42.945
   304.259    -43.157
   304.251    -43.126
   304.269    -43.327
   304.237    -43.029
   304.225    -42.960
   304.180    -42.516
   304.209    -42.887
   304.258    -43.375
   304.153    -42.337
   304.146    -42.297
   304.199    -42.848
   304.199    -43.047
   304.283    -43.920
   304.182    -42.934
   304.240    -43.518
   304.238    -43.678
   304.204    -43.363
   304.177    -43.118
   304.191    -43.281
   304.172    -43.215
   304.147    -43.141
   304.097    -42.641
   304.244    -44.309
   304.127    -43.286
   304.108    -43.105
   304.125    -43.290
   304.164    -43.817
   304.208    -44.311
   304.184    -44.121
   304.206    -44.382
   304.092    -43.321
   304.086    -43.402
   304.034    -42.839
   304.078    -43.451
   304.084    -43.520
   304.130    -44.155
   303.999    -42.638
   304.007    -42.758
   304.037    -43.188
   303.984    -42.586
   304.069    -43.603
   304.099    -44.080
   304.017    -43.177
   304.053    -43.604
   304.108    -44.411
   303.967    -42.751
   304.015    -43.411
   303.980    -42.995
   304.061    -44.089
   304.020    -43.643
   303.982    -43.227
   304.032    -43.898
   304.032    -43.900
   304.063    -44.285
   304.057    -44.226
   304.029    -43.912
   304.038    -44.023
   303.947    -43.055
   303.951    -43.162
   303.998    -43.765
   303.932    -43.003
   303.930    -43.018
   303.989    -43.819
   303.927    -43.033
   303.988    -43.851
   303.908    -42.878
   303.867    -42.400
   303.926    -43.227
   303.920    -43.176
   303.952    -43.693
   304.006    -44.390
   303.961    -43.853
   304.011    -44.552
   303.914    -43.295
   303.912    -43.280
   303.928    -43.565
   303.962    -44.018
   304.000    -44.528
   303.885    -43.100
   303.939    -43.852
   303.926    -43.748
   303.944    -44.032
   303.930    -43.887
   303.927    -44.094
   303.837    -42.908
   303.824    -42.741
   303.901    -43.867
   303.917    -44.110
   303.899    -43.873
   303.891    -43.816
   303.896    -43.938
   303.875    -43.687
   303.923    -44.368
   303.892    -43.948
   303.890    -43.976
   303.903    -44.166
   303.814    -42.958
   303.888    -44.031
   303.862    -43.674
   303.868    -43.772
   303.839    -43.470
   303.880    -44.069
   303.878    -44.050
   303.861    -43.812
   303.882    -44.159
   303.850    -43.760
   303.864    -43.995
   303.863    -44.044
   303.818    -43.400
   303.789    -43.077
   303.886    -44.509
   303.798    -43.260
   303.850    -44.055
   303.829    -43.743
   303.852    -44.176
   303.841    -44.183
   303.805    -43.686
   303.772    -43.190
   303.828    -44.049
   303.773    -43.335
   303.809    -43.911
   303.846    -44.464
   303.722    -42.584
   303.791    -43.874
   303.704    -42.480
   303.774    -43.609
   303.801    -44.060
   303.750    -43.253
   303.835    -44.621
   303.776    -43.762
   303.787    -43.954
   303.788    -43.992
   303.773    -43.780
   303.788    -44.022
   303.785    -43.991
   303.782    -43.946
   303.751    -43.467
   303.771    -43.810
   303.779    -43.940
   303.792    -44.145
   303.784    -44.023
   303.776    -43.940
   303.777    -43.965
   303.731    -43.224
   303.758    -43.693
   303.747    -43.548
   303.769    -43.914
   303.776    -44.032
   303.750    -43.787
   303.779    -44.349
   303.756    -44.032
   303.746    -43.970
   303.691    -43.067
   303.758    -44.270
   303.661    -42.656
   303.731    -43.861
   303.652    -42.561
   303.734    -43.972
   303.646    -42.493
   303.762    -44.499
   303.718    -43.880
   303.672    -43.107
   303.691    -43.469
   303.720    -43.987
   303.736    -44.268
   303.727    -44.124
   303.721    -44.032
   303.722    -44.078
   303.668    -43.133
   303.732    -44.241
   303.726    -44.147
   303.652    -42.937
   303.730    -44.319
   303.712    -44.026
   303.652    -43.019
   303.691    -43.781
   303.728    -44.451
   303.684    -43.814
   303.687    -43.883
   303.657    -43.366
   303.697    -44.121
   303.689    -43.977
   303.683    -43.926
   303.693    -44.143
   303.672    -43.786
   303.634    -43.126
   303.678    -43.977
   303.688    -44.197
   303.668    -43.841
   303.672    -43.909
   303.669    -43.852
   303.685    -44.165
   303.667    -43.857
   303.685    -44.183
   303.676    -44.032
   303.677    -44.073
   303.670    -43.940
   303.646    -43.643
   303.685    -44.373
   303.636    -43.491
   303.596    -42.756
   303.641    -43.623
   303.658    -43.992
   303.645    -43.769
   303.653    -43.924
   303.595    -42.887
   303.646    -43.905
   303.643    -43.919
   303.649    -44.040
   303.660    -44.334
   303.634    -43.843
   303.573    -42.706
   303.658    -44.352
   303.590    -43.076
   303.624    -43.739
   303.651    -44.267
   303.648    -44.223
   303.617    -43.662
   303.652    -44.328
   303.620    -43.734
   303.591    -43.218
   303.666    -44.670
   303.646    -44.292
   303.643    -44.308
   303.618    -43.982
   303.601    -43.653
   303.622    -44.073
   303.573    -43.097
   303.608    -43.856
   303.612    -43.985
   303.582    -43.413
   303.602    -43.830
   303.607    -43.929
   303.595    -43.714
   303.606    -43.943
   303.596    -43.788
   303.624    -44.362
   303.599    -43.891
   303.603    -43.986
   303.597    -43.901
   303.586    -43.762
   303.574    -43.554
   303.586    -43.853
   303.584    -43.830
   303.576    -43.682
   303.548    -43.209
   303.575    -43.869
   303.575    -43.911
   303.536    -43.114
   303.569    -43.866
   303.572    -43.950
   303.592    -44.373
   303.580    -44.136
   303.582    -44.184
   303.562    -43.796
   303.563    -43.832
   303.570    -43.967
   303.580    -44.206
   303.574    -44.153
   303.555    -43.804
   303.546    -43.669
   303.575    -44.281
   303.568    -44.160
   303.557    -43.924
   303.553    -43.870
   303.574    -44.310
   303.540    -43.630
   303.553    -43.910
   303.565    -44.232
   303.550    -43.984
   303.533    -43.631
   303.544    -43.896
   303.528    -43.556
   303.536    -43.814
   303.538    -43.901
   303.546    -44.084
   303.548    -44.135
   303.543    -44.071
   303.533    -43.856
   303.536    -43.925
   303.538    -43.973
   303.567    -44.668
   303.531    -44.008
   303.498    -43.398
   303.509    -43.697
   303.510    -43.755
   303.520    -44.079
   303.511    -43.874
   303.524    -44.191
   303.525    -44.240
   303.495    -43.551
   303.508    -43.907
   303.503    -43.818
   303.520    -44.244
   303.496    -43.723
   303.487    -43.585
   303.511    -44.233
   303.450    -42.803
   303.496    -44.006
   303.461    -43.213
   303.498    -44.129
   303.502    -44.229
   303.490    -43.968
   303.472    -43.616
   303.486    -43.960
   303.485    -43.955
   303.484    -43.943
   303.493    -44.201
   303.457    -43.343
   303.472    -43.737
   303.473    -43.761
   303.480    -43.951
   303.492    -44.267
   303.488    -44.196
   303.477    -44.007
   303.453    -43.442
   303.476    -44.032
   303.477    -44.057
   303.487    -44.332
   303.473    -43.976
   303.460    -43.669
   303.464    -43.802
   303.487    -44.440
   303.449    -43.533
   303.454    -43.663
   303.454    -43.711
   303.491    -44.637
   303.410    -42.663
   303.460    -43.993
   303.475    -44.387
   303.449    -43.728
   303.450    -43.883
   303.430    -43.409
   303.444    -43.798
   303.451    -43.997
   303.427    -43.417
   303.449    -44.002
   303.455    -44.161
   303.455    -44.169
   303.441    -43.840
   303.430    -43.606
   303.450    -44.187
   303.427    -43.636
   303.418    -43.460
   303.442    -44.224
   303.423    -43.738
   303.434    -44.089
   303.421    -43.741
   303.422    -43.800
   303.440    -44.295
   303.428    -44.004
   303.421    -43.807
   303.434    -44.197
   303.423    -43.914
   303.426    -44.090
   303.418    -43.884
   303.422    -44.011
   303.420    -43.949
   303.415    -43.920
   303.372    -42.728
   303.417    -44.061
   303.395    -43.456
   303.425    -44.364
   303.402    -43.714
   303.419    -44.345
   303.436    -44.835
   303.411    -44.164
   303.430    -44.781
   303.394    -43.836
   303.373    -43.204
   303.403    -44.198
   303.416    -44.581
   303.379    -43.536
   303.392    -43.953
   303.385    -43.781
   303.396    -44.190
   303.385    -43.868
   303.400    -44.379
   303.378    -43.838
   303.378    -43.879
   303.368    -43.635
   303.399    -44.593
   303.377    -43.974
   303.369    -43.808
   303.381    -44.190
   303.377    -44.090
   303.389    -44.452
   303.370    -43.912
   303.366    -43.870
   303.354    -43.541
   303.362    -43.787
   303.380    -44.421
   303.375    -44.315
   303.364    -44.012
   303.359    -43.837
   303.362    -43.955
   303.348    -43.643
   303.371    -44.515
   303.351    -43.911
   303.349    -43.974
   303.358    -44.270
   303.343    -43.837
   303.341    -43.804
   303.337    -43.682
   303.340    -43.804
   303.336    -43.687
   303.329    -43.499
   303.331    -43.539
   303.348    -44.155
   303.344    -44.022
   303.352    -44.444
   303.332    -43.788
   303.325    -43.581
   303.319    -43.618
   303.338    -44.361
   303.322    -43.899
   303.331    -44.206
   303.339    -44.551
   303.330    -44.260
   303.331    -44.407
   303.306    -43.577
   303.338    -44.698
   303.312    -43.911
   303.293    -43.237
   303.303    -43.638
   303.306    -43.750
   303.309    -43.909
   303.304    -43.779
   303.296    -43.501
   303.313    -44.091
   303.324    -44.550
   303.311    -44.113
   303.300    -43.830
   303.292    -43.581
   303.304    -44.107
   303.303    -44.068
   303.309    -44.366
   303.297    -43.912
   303.299    -44.026
   303.291    -43.705
   303.273    -43.060
   303.307    -44.459
   303.304    -44.438
   303.298    -44.238
   303.293    -44.062
   303.297    -44.287
   303.302    -44.467
   303.291    -44.184
   303.260    -43.018
   303.277    -43.713
   303.275    -43.637
   303.275    -43.740
   303.318    -45.424
   303.282    -44.106
   303.285    -44.206
   303.282    -44.121
   303.269    -43.641
   303.276    -43.955
   303.268    -43.640
   303.280    -44.130
   303.281    -44.268
   303.276    -44.055
   303.294    -44.798
   303.277    -44.186
   303.260    -43.577
   303.283    -44.504
   303.265    -43.871
   303.276    -44.298
   303.270    -44.067
   303.244    -43.093
   303.267    -44.044
   303.275    -44.337
   303.283    -44.693
   303.262    -43.887
   303.272    -44.274
   303.261    -43.830
   303.276    -44.452
   303.242    -43.185
   303.267    -44.333
   303.260    -44.111
   303.255    -43.904
   303.254    -43.932
   303.256    -44.042
   303.244    -43.545
   303.262    -44.332
   303.250    -43.800
   303.255    -44.054
   303.245    -43.660
   303.265    -44.491
   303.256    -44.182
   303.242    -43.627
   303.253    -44.137
   303.256    -44.299
   303.245    -43.967
   303.240    -43.787
   303.235    -43.614
   303.235    -43.729
   303.231    -43.610
   303.240    -44.006
   303.231    -43.643
   303.224    -43.394
   303.218    -43.191
   303.233    -43.831
   303.240    -44.187
   303.236    -44.090
   303.231    -43.979
   303.221    -43.529
   303.236    -44.425
   303.238    -44.569
   303.239    -44.687
   303.215    -43.630
   303.239    -44.707
   303.226    -44.186
   303.231    -44.402
   303.191    -42.671
   303.229    -44.491
   303.234    -44.753
   303.218    -44.088
   303.216    -44.171
   303.219    -44.293
   303.203    -43.627
   303.205    -43.864
   303.209    -44.156
   303.202    -43.965
   303.208    -44.284
   303.220    -44.957
   303.187    -43.401
   303.197    -43.905
   303.190    -43.571
   303.195    -43.850
   303.203    -44.244
   303.204    -44.344
   303.196    -43.949
   303.192    -43.881
   303.184    -43.556
   303.192    -43.945
   303.201    -44.495
   303.185    -43.717
   303.172    -43.029
   303.179    -43.494
   303.191    -44.150
   303.191    -44.300
   303.172    -43.458
   303.178    -43.810
   303.182    -44.025
   303.172    -43.517
   303.172    -43.800
   303.169    -43.656
   303.171    -43.863
   303.173    -44.032
   303.183    -44.592
   303.169    -43.837
   303.172    -44.087
   303.174    -44.273
   303.159    -43.513
   303.167    -44.129
   303.172    -44.717
   303.161    -44.167
   303.154    -43.784
   303.161    -44.194
   303.151    -43.625
   303.150    -43.614
   303.159    -44.175
   303.151    -43.776
   303.152    -43.814
   303.148    -43.742
   303.155    -44.248
   303.151    -44.036
   303.144    -43.638
   303.142    -43.561
   303.166    -45.097
   303.158    -44.660
   303.156    -44.570
   303.160    -44.859
   303.133    -43.248
   303.149    -44.263
   303.147    -44.169
   303.142    -44.001
   303.132    -43.329
   303.143    -44.131
   303.131    -43.376
   303.131    -43.425
   303.133    -43.757
   303.130    -43.582
   303.140    -44.339
   303.133    -43.892
   303.136    -44.181
   303.139    -44.438
   303.130    -43.839
   303.129    -43.827
   303.122    -43.476
   303.135    -44.343
   303.127    -43.973
   303.123    -43.741
   303.127    -44.179
   303.124    -43.995
   303.117    -43.511
   303.115    -43.370
   303.114    -43.444
   303.125    -44.339
   303.127    -44.562
   303.124    -44.405
   303.125    -44.448
   303.113    -43.727
   303.118    -44.186
   303.116    -44.210
   303.107    -43.669
   303.123    -44.824
   303.111    -44.025
   303.109    -43.929
   303.106    -43.818
   303.115    -44.536
   303.114    -44.493
   303.110    -44.198
   303.112    -44.414
   303.108    -44.131
   303.106    -44.036
   303.111    -44.582
   303.102    -43.909
   303.104    -44.070
   303.103    -44.142
   303.110    -44.681
   303.101    -44.097
   303.095    -43.671
   303.100    -44.097
   303.106    -44.621
   303.082    -42.674
   303.094    -43.731
   303.092    -43.562
   303.099    -44.273
   303.093    -44.094
   303.094    -44.266
   303.093    -44.131
   303.086    -43.630
   303.089    -43.975
   303.085    -43.762
   303.087    -44.140
   303.085    -43.973
   303.079    -43.501
   303.080    -43.607
   303.081    -43.964
   303.081    -43.966
   303.082    -44.294
   303.079    -44.081
   303.082    -44.499
   303.076    -43.963
   303.081    -44.428
   303.071    -43.554
   303.074    -43.883
   303.078    -44.386
   303.075    -44.260
   303.068    -43.705
   303.067    -43.712
   303.072    -44.240
   303.073    -44.410
   303.070    -44.167
   303.064    -43.642
   303.059    -43.451
   303.069    -44.491
   303.066    -44.160
   303.058    -43.472
   303.063    -44.184
   303.064    -44.268
   303.060    -43.930
   303.059    -43.781
   303.063    -44.687
   303.052    -43.497
   303.051    -43.432
   303.055    -44.139
   303.050    -43.584
   303.056    -44.554
   303.053    -44.297
   303.053    -44.523
   303.047    -43.871
   303.050    -44.309
   303.048    -44.190
   303.041    -44.030
   303.042    -44.144
   303.038    -43.802
   303.043    -44.560
   303.039    -44.085
   303.029    -43.070
   303.035    -44.003
   303.038    -44.406
   303.036    -44.308
   303.039    -44.666
   303.034    -44.006
   303.030    -43.711
   303.031    -44.030
   303.036    -44.832
   303.032    -44.598
   303.030    -44.419
   303.023    -43.572
   303.023    -43.681
   303.029    -44.684
   303.028    -44.650
   303.022    -44.030
   303.019    -44.100
   303.016    -43.593
   303.016    -43.830
   303.014    -43.610
   303.005    -42.681
   303.017    -44.788
   303.013    -44.144
   303.012    -44.072
   303.010    -44.101
   303.010    -44.209
   303.004    -43.336
   303.004    -43.860
   303.005    -44.081
   303.004    -44.478
   302.996    -43.642
   302.993    -42.930
   302.999    -44.325
   302.994    -43.712
   302.994    -43.815
   302.997    -44.474
   302.993    -43.850
   302.991    -43.921
   302.992    -44.280
   302.990    -44.173
   302.988    -43.750
   302.993    -44.953
   302.984    -42.996
   302.988    -44.224
   302.985    -43.479
   302.987    -44.440
   302.989    -44.818
   302.986    -44.328
   302.986    -44.339
   302.983    -43.754
   302.986    -44.550
   302.984    -44.103
   302.983    -44.033
   302.981    -43.742
   302.980    -43.309
   302.981    -44.147
   302.978    -43.634
   302.979    -43.921
   302.983    -45.054
   302.978    -43.609
   302.981    -44.707
   302.979    -44.256
   302.979    -44.442
   302.979    -45.001
   302.979    -45.073
   302.971    -43.920
   302.969    -43.553
   302.965    -42.938
   302.967    -43.880
   302.967    -44.061
   302.968    -44.659
   302.966    -44.253
   302.961    -43.433
   302.962    -43.991
   302.960    -43.908
   302.960    -44.098
   302.959    -43.514
   302.957    -43.428
   302.958    -43.910
   302.959    -44.109
   302.957    -43.663
   302.958    -44.003
   302.957    -43.573
   302.957    -43.715
   302.958    -44.244
   302.958    -44.664
   302.953    -43.970
   302.953    -43.842
   302.953    -44.025
   302.952    -43.386
   302.950    -44.401
   302.947    -42.925
   302.948    -43.262
   302.949    -44.769
   302.947    -43.221
   302.945    -43.923
   302.944    -43.431
   302.943    -43.081
   302.943    -45.293
   302.942    -44.098
   302.941    -44.227
   302.941    -43.451
   302.940    -43.763
   302.940    -44.057
   302.940    -43.525
   302.939    -44.117
   302.937    -44.355
   302.937    -44.251
   302.937    -44.550
   302.936    -43.917
   302.936    -43.691
   302.935    -43.664
   302.935    -44.123
   302.935    -44.183
   302.934    -43.738
   302.934    -43.887
   302.933    -44.185
   302.932    -44.282
   302.931    -44.266
   302.930    -44.391
   302.930    -44.268
   302.929    -44.344
   302.928    -43.626
   302.926    -44.349
   302.926    -43.414
   302.924    -43.319
   302.923    -43.522
   302.922    -43.791
   302.920    -44.064
   302.920    -43.679
   302.919    -44.149
   302.915    -44.855
   302.915    -43.473
   302.912    -44.049
   302.911    -44.544
   302.911    -44.084
   302.910    -43.980
   302.910    -43.607
   302.910    -43.229
   302.909    -43.949
   302.908    -43.766
   302.907    -43.596
   302.904    -44.181
   302.902    -43.841
   302.898    -44.610
   302.900    -43.682
   302.898    -44.183
   302.898    -43.513
   302.897    -43.618
   302.895    -44.339
   302.894    -44.119
   302.895    -43.482
   302.892    -44.086
   302.891    -44.086
   302.891    -43.632
   302.887    -44.500
   302.886    -44.533
   302.884    -44.536
   302.886    -44.028
   302.885    -43.796
   302.884    -43.926
   302.885    -43.760
   302.881    -44.415
   302.882    -44.163
   302.881    -44.175
   302.881    -43.621
   302.877    -44.592
   302.880    -43.597
   302.881    -43.171
   302.877    -44.088
   302.876    -44.266
   302.874    -44.485
   302.881    -42.693
   302.878    -43.446
   302.876    -43.859
   302.875    -43.992
   302.876    -43.804
   302.876    -43.665
   302.874    -43.953
   302.871    -44.528
   302.868    -44.692
   302.870    -43.936
   302.868    -44.345
   302.867    -44.541
   302.868    -44.161
   302.865    -44.607
   302.866    -44.160
   302.866    -44.082
   302.868    -43.434
   302.863    -44.242
   302.864    -43.864
   302.856    -45.200
   302.863    -43.716
   302.864    -43.323
   302.861    -43.824
   302.858    -44.362
   302.858    -44.288
   302.855    -44.364
   302.855    -44.233
   302.858    -43.185
   302.854    -43.402
   302.850    -44.111
   302.852    -43.661
   302.856    -43.005
   302.850    -43.959
   302.844    -44.529
   302.842    -44.702
   302.843    -44.446
   302.845    -43.891
   302.845    -43.749
   302.839    -44.606
   302.843    -43.894
   302.833    -45.284
   302.839    -44.077
   302.840    -43.881
   302.837    -44.158
   302.832    -44.871
   302.833    -44.397
   302.833    -44.049
   302.836    -43.373
   302.835    -43.443
   302.830    -43.945
   302.831    -43.651
   302.826    -44.242
   302.828    -43.870
   302.826    -44.074
   302.816    -45.194
   302.822    -44.417
   302.827    -43.723
   302.831    -43.254
   302.826    -43.850
   302.821    -44.345
   302.819    -44.491
   302.824    -43.868
   302.816    -44.569
   302.809    -45.223
   302.816    -44.234
   302.822    -43.427
   302.815    -44.175
   302.814    -44.139
   302.811    -44.473
   302.817    -43.769
   302.817    -43.648
   302.813    -44.062
   302.810    -44.301
   302.804    -44.762
   302.807    -44.419
   302.808    -44.177
   302.810    -43.946
   302.807    -44.005
   302.810    -43.520
   302.797    -44.932
   302.798    -44.435
   302.810    -43.200
   302.801    -44.107
   302.796    -44.466
   302.808    -42.970
   302.785    -44.993
   302.798    -43.653
   302.788    -44.466
   302.795    -43.756
   302.790    -44.225
   302.799    -43.140
   302.784    -44.408
   302.791    -43.722
   302.786    -44.115
   302.793    -43.370
   302.786    -43.932
   302.787    -43.814
   302.781    -44.333
   302.779    -44.507
   302.789    -43.585
   302.782    -44.124
   302.788    -43.518
   302.774    -44.237
   302.766    -44.702
   302.769    -44.118
   302.771    -43.867
   302.771    -43.757
   302.781    -42.869
   302.763    -43.890
   302.748    -44.864
   302.749    -44.657
   302.753    -44.269
   302.753    -44.188
   302.761    -43.514
   302.749    -44.400
   302.749    -44.098
   302.753    -43.783
   302.755    -43.561
   302.750    -43.773
   302.745    -44.096
   302.737    -44.658
   302.746    -44.048
   302.751    -43.614
   302.736    -44.679
   302.745    -43.831
   302.725    -45.258
   302.729    -44.833
   302.730    -44.556
   302.721    -45.064
   302.724    -44.804
   302.727    -44.565
   302.733    -44.165
   302.733    -44.104
   302.745    -43.304
   302.734    -43.892
   302.721    -44.620
   302.719    -44.603
   302.728    -44.016
   302.732    -43.710
   302.728    -43.944
   302.747    -42.613
   302.720    -44.351
   302.728    -43.785
   302.723    -44.010
   302.726    -43.833
   302.708    -44.918
   302.723    -43.921
   302.711    -44.464
   302.717    -44.003
   302.714    -43.851
   302.701    -44.565
   302.699    -44.634
   302.705    -44.217
   302.713    -43.563
   302.689    -44.968
   302.690    -44.843
   302.700    -44.194
   302.695    -44.469
   302.708    -43.675
   302.707    -43.685
   302.707    -43.653
   302.694    -44.324
   302.698    -44.065
   302.683    -44.855
   302.700    -43.869
   302.691    -44.198
   302.701    -43.498
   302.692    -43.960
   302.681    -44.509
   302.706    -43.100
   302.683    -44.240
   302.700    -43.315
   302.681    -44.251
   302.661    -45.238
   302.665    -44.852
   302.688    -43.617
   302.668    -44.604
   302.672    -44.390
   302.676    -44.106
   302.677    -44.010
   302.669    -44.423
   302.662    -44.730
   302.673    -44.146
   302.658    -44.870
   302.670    -44.200
   302.682    -43.508
   302.644    -45.424
   302.671    -44.046
   302.668    -44.148
   302.665    -44.323
   302.678    -43.622
   302.672    -43.885
   302.664    -44.237
   302.627    -45.850
   302.679    -43.291
   302.648    -44.773
   302.672    -43.558
   302.669    -43.711
   302.663    -43.922
   302.671    -43.500
   302.652    -44.343
   302.669    -43.460
   302.649    -44.399
   302.665    -43.538
   302.618    -45.737
   302.629    -45.235
   302.657    -43.772
   302.656    -43.609
   302.635    -44.607
   302.657    -43.580
   302.622    -45.189
   302.620    -45.220
   302.621    -45.192
   302.632    -44.654
   302.634    -44.510
   302.632    -44.599
   302.603    -45.834
   302.658    -43.314
   302.634    -44.424
   302.647    -43.758
   302.633    -44.372
   302.617    -45.038
   302.661    -42.910
   302.628    -44.389
   302.642    -43.752
   302.635    -43.997
   302.614    -44.859
   302.612    -44.891
   302.635    -43.848
   302.635    -43.862
   302.632    -43.858
   302.606    -44.884
   302.617    -44.383
   302.646    -43.017
   302.626    -43.871
   302.615    -44.262
   302.606    -44.614
   302.612    -44.369
   302.623    -43.844
   302.604    -44.650
   302.610    -44.372
   302.604    -44.619
   302.598    -44.834
   302.625    -43.604
   302.621    -43.734
   302.592    -44.895
   302.585    -45.074
   302.601    -44.399
   302.605    -44.109
   302.572    -45.422
   302.577    -45.200
   302.599    -44.300
   302.625    -43.199
   302.603    -44.104
   302.588    -44.661
   302.605    -43.977
   302.602    -44.055
   302.610    -43.539
   302.602    -43.728
   302.591    -44.123
   302.575    -44.684
   302.595    -43.866
   302.594    -43.866
   302.574    -44.601
   302.588    -43.949
   302.570    -44.541
   302.578    -44.253
   302.568    -44.589
   302.555    -45.068
   302.590    -43.706
   302.565    -44.577
   302.606    -42.962
   302.573    -44.203
   302.561    -44.580
   302.587    -43.580
   302.575    -43.971
   302.563    -44.421
   302.557    -44.648
   302.574    -43.982
   302.577    -43.886
   302.574    -43.957
   302.582    -43.656
   302.577    -43.836
   302.564    -44.301
   302.563    -44.305
   302.568    -44.091
   302.541    -44.979
   302.573    -43.796
   302.542    -44.879
   302.563    -44.110
   302.565    -43.901
   302.546    -44.577
   302.565    -43.840
   302.547    -44.466
   302.558    -44.028
   302.582    -43.156
   302.564    -43.719
   302.543    -44.471
   302.575    -43.339
   302.561    -43.755
   302.542    -44.419
   302.526    -44.938
   302.534    -44.601
   302.542    -44.274
   302.550    -43.941
   302.516    -45.101
   302.515    -45.099
   302.541    -44.171
   302.530    -44.405
   302.532    -44.312
   302.549    -43.714
   302.524    -44.450
   302.541    -43.867
   302.547    -43.646
   302.528    -44.248
   302.522    -44.421
   302.543    -43.581
   302.486    -45.376
   302.507    -44.630
   302.511    -44.365
   302.539    -43.405
   302.512    -44.274
   302.517    -44.088
   302.508    -44.342
   302.510    -44.216
   302.473    -45.362
   302.503    -44.345
   302.525    -43.645
   302.490    -44.725
   302.490    -44.721
   302.497    -44.496
   302.510    -44.018
   302.500    -44.263
   302.487    -44.676
   302.496    -44.404
   302.466    -45.263
   302.504    -44.075
   302.498    -44.241
   302.506    -43.920
   302.510    -43.766
   302.486    -44.287
   302.504    -43.715
   302.439    -45.565
   302.476    -44.480
   302.472    -44.600
   302.509    -43.420
   302.477    -44.374
   302.514    -43.157
   302.460    -44.748
   302.484    -44.012
   302.486    -43.925
   302.466    -44.540
   302.491    -43.782
   302.490    -43.792
   302.428    -45.587
   302.489    -43.776
   302.470    -44.354
   302.463    -44.506
   302.504    -43.265
   302.467    -44.352
   302.461    -44.454
   302.483    -43.819
   302.463    -44.372
   302.430    -45.221
   302.467    -44.152
   302.484    -43.622
   302.480    -43.723
   302.456    -44.393
   302.485    -43.508
   302.471    -43.838
   302.469    -43.895
   302.468    -43.907
   302.475    -43.678
   302.461    -44.029
   302.458    -44.098
   302.443    -44.519
   302.424    -45.002
   302.450    -44.245
   302.449    -44.202
   302.432    -44.686
   302.446    -44.286
   302.441    -44.414
   302.434    -44.554
   302.463    -43.740
   302.444    -44.255
   302.405    -45.231
   302.416    -44.785
   302.393    -45.400
   302.397    -45.293
   302.406    -45.031
   302.405    -44.930
   302.443    -43.817
   302.421    -44.281
   302.378    -45.348
   302.431    -43.887
   302.419    -44.175
   302.446    -43.439
   302.435    -43.728
   302.398    -44.682
   302.390    -44.881
   302.441    -43.540
   302.397    -44.685
   302.432    -43.713
   302.376    -45.145
   302.366    -45.401
   302.406    -44.387
   302.402    -44.454
   302.406    -44.357
   302.418    -44.010
   302.413    -44.106
   302.380    -44.891
   302.430    -43.599
   302.390    -44.602
   302.403    -44.238
   302.401    -44.266
   302.393    -44.416
   302.404    -44.124
   302.388    -44.544
   302.448    -42.965
   302.400    -44.214
   302.383    -44.590
   302.358    -45.205
   302.386    -44.514
   302.384    -44.557
   302.438    -43.096
   302.431    -43.211
   302.419    -43.468
   302.381    -44.376
   302.341    -45.319
   302.353    -44.990
   302.392    -43.935
   302.328    -45.479
   302.324    -45.548
   302.370    -44.443
   302.398    -43.732
   302.380    -44.175
   302.391    -43.877
   302.376    -44.186
   302.370    -44.308
   302.355    -44.610
   302.387    -43.783
   302.391    -43.671
   302.379    -43.928
   302.358    -44.399
   302.325    -45.087
   302.327    -44.993
   302.336    -44.717
   302.392    -43.351
   302.344    -44.446
   302.363    -43.981
   302.330    -44.761
   302.332    -44.707
   302.340    -44.514
   302.320    -44.972
   302.374    -43.645
   302.380    -43.481
   302.355    -44.040
   302.292    -45.453
   302.300    -45.294
   302.366    -43.760
   302.365    -43.741
   302.313    -44.839
   302.362    -43.654
   302.367    -43.524
   302.288    -45.297
   302.357    -43.721
   302.338    -44.145
   302.364    -43.507
   302.332    -44.190
   302.354    -43.678
   302.352    -43.714
   302.335    -44.069
   302.370    -43.240
   302.348    -43.708
   302.355    -43.541
   302.267    -45.373
   302.351    -43.510
   302.327    -44.038
   302.339    -43.746
   302.262    -45.379
   302.322    -44.063
   302.298    -44.557
   302.268    -45.126
   302.336    -43.649
   302.317    -44.026
   302.323    -43.903
   302.317    -44.015
   302.339    -43.534
   302.300    -44.366
   302.287    -44.619
   302.296    -44.368
   302.328    -43.679
   302.352    -43.125
   302.317    -43.903
   302.305    -44.158
   302.289    -44.445
   302.218    -45.849
   302.311    -43.899
   302.308    -43.899
   302.294    -44.199
   302.276    -44.575
   302.308    -43.853
   302.283    -44.355
   302.248    -45.068
   302.306    -43.854
   302.266    -44.629
   302.295    -44.031
   302.279    -44.349
   302.322    -43.426
   302.320    -43.445
   302.251    -44.877
   302.297    -43.814
   302.243    -44.908
   302.271    -44.324
   302.250    -44.713
   302.276    -44.033
   302.287    -43.785
   302.243    -44.656
   302.240    -44.689
   302.302    -43.399
   302.227    -44.884
   302.252    -44.315
   302.294    -43.466
   302.226    -44.834
   302.245    -44.417
   302.243    -44.446
   302.257    -44.102
   302.280    -43.656
   302.256    -44.123
   302.259    -43.971
   302.249    -44.154
   302.279    -43.545
   302.277    -43.519
   302.207    -44.880
   302.216    -44.696
   302.242    -44.176
   302.180    -45.334
   302.176    -45.402
   302.254    -43.910
   302.275    -43.470
   302.304    -42.892
   302.300    -42.909
   302.288    -43.125
   302.253    -43.811
   302.205    -44.718
   302.253    -43.766
   302.279    -43.235
   302.243    -43.929
   302.177    -45.074
   302.189    -44.830
   302.220    -44.212
   302.243    -43.736
   302.247    -43.645
   302.239    -43.741
   302.204    -44.405
   302.228    -43.941
   302.227    -43.961
   302.179    -44.785
   302.193    -44.521
   302.185    -44.674
   302.213    -44.143
   302.188    -44.575
   302.199    -44.334
   302.171    -44.821
   302.212    -44.029
   302.129    -45.538
   302.159    -44.966
   302.253    -43.198
   302.203    -44.144
   302.236    -43.494
   302.214    -43.888
   302.225    -43.646
   302.154    -44.948
   302.244    -43.281
   302.155    -44.893
   302.191    -44.221
   302.211    -43.832
   302.159    -44.738
   302.148    -44.935
   302.210    -43.748
   302.112    -45.440
   302.189    -44.058
   302.190    -44.033
   302.180    -44.200
   302.086    -45.851
   302.191    -43.956
   302.175    -44.232
   302.163    -44.433
   302.197    -43.810
   302.183    -44.028
   302.114    -45.210
   302.117    -45.139
   302.237    -42.984
   302.176    -44.057
   302.183    -43.866
   302.164    -44.176
   302.227    -43.025
   302.147    -44.401
   302.100    -45.208
   302.167    -44.015
   302.113    -44.948
   302.087    -45.364
   302.107    -44.995
   302.183    -43.665
   302.178    -43.743
   302.188    -43.556
   302.097    -45.102
   302.169    -43.865
   302.107    -44.930
   302.151    -44.164
   302.100    -45.038
   302.087    -45.106
   302.178    -43.519
   302.146    -44.083
   302.167    -43.692
   302.116    -44.534
   302.069    -45.312
   302.129    -44.299
   302.142    -44.032
   302.103    -44.685
   302.159    -43.719
   302.145    -43.885
   302.122    -44.260
   302.128    -44.144
   302.086    -44.801
   302.130    -44.051
   302.080    -44.835
   302.144    -43.753
   302.098    -44.500
   302.130    -43.971
   302.113    -44.240
   302.083    -44.668
   302.141    -43.686
   302.092    -44.476
   302.158    -43.350
   302.103    -44.258
   302.108    -44.185
   302.006    -45.809
   302.135    -43.718
   302.090    -44.466
   302.104    -44.201
   302.088    -44.449
   302.145    -43.517
   302.024    -45.448
   302.118    -43.930
   302.075    -44.549
   302.107    -44.033
   302.109    -43.983
   302.032    -45.191
   302.126    -43.678
   302.071    -44.563
   302.036    -45.089
   302.159    -43.085
   302.117    -43.745
   302.057    -44.698
   302.122    -43.650
   302.078    -44.322
   302.042    -44.867
   302.050    -44.715
   302.055    -44.628
   302.068    -44.350
   302.029    -44.931
   302.083    -44.061
   302.110    -43.628
   302.138    -43.158
   302.070    -44.250
   302.091    -43.908
   302.092    -43.866
   302.024    -44.909
   302.082    -43.999
   301.994    -45.366
   302.055    -44.412
   302.028    -44.826
   302.106    -43.578
   302.049    -44.473
   302.040    -44.602
   302.065    -44.189
   301.988    -45.368
   302.050    -44.391
   302.026    -44.741
   302.062    -44.191
   302.063    -44.156
   302.058    -44.178
   302.003    -44.987
   301.993    -45.090
   302.053    -44.147
   302.039    -44.320
   302.048    -44.168
   302.001    -44.816
   302.046    -44.127
   301.993    -44.883
   301.984    -44.986
   302.007    -44.636
   302.036    -44.191
   302.011    -44.561
   302.008    -44.598
   302.055    -43.852
   302.055    -43.818
   302.055    -43.813
   301.942    -45.454
   302.009    -44.471
   302.061    -43.669
   301.972    -44.976
   301.976    -44.891
   302.046    -43.842
   301.975    -44.888
   302.072    -43.439
   302.003    -44.468
   302.053    -43.691
   301.994    -44.570
   302.036    -43.939
   302.012    -44.265
   301.964    -44.886
   302.022    -44.020
   301.941    -45.183
   301.995    -44.402
   302.063    -43.390
   302.039    -43.734
   302.012    -44.143
   301.945    -45.055
   302.045    -43.596
   302.032    -43.733
   301.947    -44.858
   301.941    -44.915
   302.038    -43.506
   301.966    -44.508
   301.974    -44.377
   302.020    -43.715
   302.014    -43.810
   301.998    -44.001
   302.004    -43.901
   301.977    -44.283
   302.032    -43.462
   301.956    -44.552
   301.927    -44.951
   301.975    -44.276
   301.902    -45.279
   301.967    -44.351
   301.899    -45.275
   301.915    -45.050
   302.017    -43.581
   301.934    -44.764
   301.987    -43.990
   301.936    -44.695
   302.018    -43.538
   301.905    -45.068
   301.982    -43.968
   301.908    -44.988
   301.994    -43.750
   302.013    -43.465
   301.964    -44.149
   301.974    -43.959
   301.974    -43.956
   302.006    -43.512
   301.892    -45.041
   301.890    -45.078
   302.003    -43.509
   301.872    -45.305
   301.992    -43.628
   301.952    -44.161
   301.899    -44.866
   301.964    -43.963
   301.979    -43.749
   301.973    -43.757
   301.975    -43.711
   301.937    -44.216
   301.996    -43.400
   301.946    -44.082
   301.812    -45.828
   302.007    -43.196
   301.963    -43.815
   301.943    -44.083
   302.001    -43.258
   301.994    -43.355
   301.877    -44.947
   301.977    -43.480
   301.800    -45.817
   301.873    -44.858
   301.952    -43.792
   301.911    -44.316
   302.009    -42.965
   301.942    -43.877
   301.955    -43.704
   301.957    -43.650
   301.934    -43.935
   301.790    -45.797
   301.931    -43.941
   301.851    -44.991
   301.958    -43.575
   301.864    -44.812
   301.876    -44.651
   301.943    -43.685
   301.857    -44.803
   301.934    -43.783
   301.920    -43.931
   301.938    -43.691
   301.853    -44.785
   301.892    -44.259
   301.919    -43.889
   301.926    -43.787
   301.809    -45.291
   301.879    -44.355
   301.921    -43.801
   301.933    -43.632
   301.932    -43.619
   301.906    -43.935
   301.881    -44.187
   301.926    -43.576
   301.862    -44.354
   301.780    -45.388
   301.910    -43.713
   301.887    -44.015
   301.889    -43.983
   301.821    -44.829
   301.903    -43.780
   301.900    -43.809
   301.835    -44.607
   301.755    -45.525
   301.864    -44.169
   301.726    -45.785
   301.926    -43.306
   301.745    -45.539
   301.763    -45.250
   301.819    -44.561
   301.853    -44.123
   301.853    -44.108
   301.865    -43.943
   301.747    -45.384
   301.762    -45.149
   301.886    -43.616
   301.873    -43.744
   301.828    -44.297
   301.848    -44.037
   301.770    -44.976
   301.821    -44.321
   301.849    -43.933
   301.861    -43.755
   301.832    -44.101
   301.809    -44.365
   301.836    -44.004
   301.827    -44.108
   301.822    -44.161
   301.855    -43.733
   301.694    -45.605
   301.855    -43.670
   301.829    -43.974
   301.819    -44.096
   301.707    -45.409
   301.872    -43.399
   301.872    -43.385
   301.896    -43.079
   301.858    -43.538
   301.856    -43.562
   301.849    -43.635
   301.730    -45.045
   301.803    -44.176
   301.665    -45.770
   301.867    -43.384
   301.842    -43.660
   301.695    -45.368
   301.803    -44.076
   301.898    -42.905
   301.824    -43.788
   301.854    -43.402
   301.716    -45.016
   301.835    -43.532
   301.725    -44.815
   301.819    -43.717
   301.734    -44.702
   301.789    -44.052
   301.638    -45.775
   301.783    -44.114
   301.810    -43.743
   301.651    -45.561
   301.690    -45.113
   301.700    -45.003
   301.812    -43.670
   301.704    -44.877
   301.659    -45.371
   301.825    -43.458
   301.774    -44.030
   301.763    -44.122
   301.694    -44.891
   301.797    -43.686
   301.826    -43.336
   301.788    -43.772
   301.836    -43.168
   301.781    -43.798
   301.780    -43.798
   301.733    -44.329
   301.733    -44.296
   301.793    -43.598
   301.653    -45.142
   301.822    -43.215
   301.602    -45.655
   301.715    -44.394
   301.668    -44.904
   301.731    -44.171
   301.795    -43.422
   301.748    -43.950
   301.763    -43.781
   301.630    -45.252
   301.636    -45.149
   301.617    -45.350
   301.724    -44.157
   301.708    -44.303
   301.761    -43.700
   301.758    -43.701
   301.756    -43.733
   301.704    -44.284
   301.732    -43.927
   301.635    -44.990
   301.709    -44.148
   301.765    -43.488
   301.687    -44.328
   301.743    -43.702
   301.719    -43.958
   301.691    -44.247
   301.603    -45.188
   301.563    -45.597
   301.756    -43.509
   301.670    -44.419
   301.740    -43.638
   301.720    -43.838
   301.745    -43.553
   301.662    -44.448
   301.587    -45.234
   301.692    -44.111
   301.756    -43.387
   301.665    -44.363
   301.681    -44.166
   301.657    -44.413
   301.577    -45.222
   301.603    -44.941
   301.620    -44.755
   301.528    -45.676
   301.518    -45.724
   301.545    -45.394
   301.541    -45.418
   301.587    -44.942
   301.580    -45.004
   301.625    -44.513
   301.673    -43.998
   301.565    -45.122
   301.640    -44.321
   301.634    -44.361
   301.672    -43.949
   301.663    -44.036
   301.699    -43.650
   301.672    -43.935
   301.686    -43.778
   301.707    -43.543
   301.624    -44.418
   301.688    -43.736
   301.695    -43.643
   301.671    -43.883
   301.660    -43.999
   301.562    -44.997
   301.576    -44.848
   301.614    -44.458
   301.480    -45.778
   301.646    -44.085
   301.680    -43.728
   301.650    -44.029
   301.682    -43.695
   301.675    -43.763
   301.643    -44.090
   301.633    -44.192
   301.590    -44.601
   301.695    -43.501
   301.685    -43.599
   301.632    -44.154
   301.670    -43.759
   301.507    -45.420
   301.576    -44.720
   301.563    -44.828
   301.632    -44.117
   301.636    -44.058
   301.650    -43.898
   301.609    -44.316
   301.460    -45.774
   301.657    -43.785
   301.504    -45.331
   301.646    -43.879
   301.645    -43.864
   301.488    -45.443
   301.563    -44.690
   301.663    -43.658
   301.674    -43.546
   301.604    -44.258
   301.593    -44.365
   301.713    -43.087
   301.642    -43.826
   301.655    -43.667
   301.633    -43.883
   301.600    -44.206
   301.645    -43.739
   301.643    -43.736
   301.451    -45.597
   301.625    -43.876
   301.526    -44.863
   301.554    -44.586
   301.563    -44.474
   301.568    -44.422
   301.526    -44.770
   301.573    -44.267
   301.518    -44.772
   301.626    -43.661
   301.583    -44.080
   301.407    -45.771
   301.513    -44.745
   301.585    -44.014
   301.688    -42.923
   301.677    -43.022
   301.590    -43.873
   301.568    -44.065
   301.611    -43.633
   301.424    -45.437
   301.620    -43.519
   301.555    -44.164
   301.494    -44.674
   301.428    -45.280
   301.519    -44.379
   301.479    -44.746
   301.532    -44.226
   301.623    -43.298
   301.472    -44.729
   301.561    -43.871
   301.503    -44.421
   301.517    -44.268
   301.587    -43.578
   301.543    -43.985
   301.568    -43.697
   301.413    -45.138
   301.402    -45.225
   301.421    -45.042
   301.486    -44.401
   301.416    -45.050
   301.366    -45.492
   301.590    -43.384
   301.412    -45.051
   301.516    -44.074
   301.364    -45.463
   301.430    -44.840
   301.349    -45.579
   301.522    -43.953
   301.471    -44.411
   301.570    -43.464
   301.436    -44.688
   301.342    -45.510
   301.464    -44.380
   301.405    -44.922
   301.399    -44.963
   301.468    -44.318
   301.362    -45.242
   301.557    -43.421
   301.320    -45.596
   301.502    -43.930
   301.524    -43.703
   301.511    -43.829
   301.485    -44.037
   301.391    -44.898
   301.484    -44.032
   301.466    -44.191
   301.518    -43.689
   301.313    -45.547
   301.333    -45.371
   301.503    -43.814
   301.402    -44.688
   301.287    -45.702
   301.479    -43.968
   301.453    -44.194
   301.508    -43.654
   301.396    -44.645
   301.338    -45.159
   301.435    -44.287
   301.273    -45.726
   301.518    -43.504
   301.514    -43.510
   301.389    -44.636
   301.303    -45.388
   301.401    -44.498
   301.276    -45.567
   301.478    -43.773
   301.429    -44.203
   301.297    -45.337
   301.518    -43.346
   301.290    -45.380
   301.566    -42.893
   301.382    -44.569
   301.526    -43.217
   301.444    -43.935
   301.480    -43.589
   301.440    -43.918
   301.541    -42.975
   301.488    -43.441
   301.464    -43.641
   301.360    -44.550
   301.488    -43.399
   301.392    -44.180
   301.460    -43.559
   301.287    -45.059
   301.429    -43.819
   301.360    -44.419
   301.399    -44.068
   301.271    -45.158
   301.303    -44.877
   301.296    -44.925
   301.386    -44.132
   301.389    -44.103
   301.286    -44.969
   301.280    -45.012
   301.408    -43.883
   301.425    -43.708
   301.383    -44.013
   301.414    -43.732
   301.289    -44.791
   301.427    -43.595
   301.207    -45.461
   301.394    -43.875
   301.419    -43.654
   301.189    -45.586
   301.420    -43.622
   301.308    -44.588
   301.308    -44.581
   301.400    -43.770
   301.312    -44.495
   301.196    -45.458
   301.273    -44.777
   301.484    -42.959
   301.450    -43.227
   301.355    -44.044
   301.194    -45.391
   301.260    -44.845
   301.423    -43.444
   301.178    -45.502
   301.238    -45.012
   301.475    -42.982
   301.213    -45.185
   301.342    -44.095
   301.249    -44.855
   301.284    -44.559
   301.172    -45.468
   301.297    -44.445
   301.193    -45.268
   301.468    -42.891
   301.194    -45.155
   301.397    -43.457
   301.368    -43.703
   301.167    -45.360
   301.254    -44.640
   301.193    -45.124
   301.363    -43.704
   301.359    -43.734
   301.190    -45.116
   301.267    -44.481
   301.340    -43.867
   301.162    -45.311
   301.271    -44.427
   301.164    -45.289
   301.432    -43.059
   301.215    -44.849
   301.320    -43.988
   301.247    -44.582
   301.274    -44.365
   301.158    -45.297
   301.250    -44.554
   301.312    -44.037
   301.317    -43.965
   301.347    -43.706
   301.322    -43.908
   301.323    -43.880
   301.095    -45.704
   301.139    -45.326
   301.307    -43.956
   301.277    -44.192
   301.156    -45.162
   301.257    -44.347
   301.262    -44.297
   301.372    -43.387
   301.262    -44.273
   301.245    -44.399
   301.351    -43.511
   301.337    -43.567
   301.191    -44.750
   301.322    -43.637
   301.257    -44.117
   301.112    -45.232
   301.176    -44.702
   301.171    -44.730
   301.217    -44.358
   301.290    -43.767
   301.229    -44.254
   301.114    -45.154
   301.283    -43.755
   301.220    -44.257
   301.266    -43.863
   301.302    -43.549
   301.156    -44.682
   301.159    -44.640
   301.230    -44.064
   301.238    -44.001
   301.311    -43.411
   301.169    -44.531
   301.055    -45.398
   301.102    -45.000
   301.270    -43.673
   301.185    -44.333
   301.323    -43.233
   301.176    -44.394
   301.330    -43.136
   301.238    -43.865
   301.188    -44.206
   301.021    -45.436
   301.138    -44.468
   301.132    -44.488
   301.275    -43.370
   301.127    -44.477
   301.207    -43.853
   301.133    -44.375
   301.159    -44.174
   301.317    -42.917
   301.088    -44.644
   301.044    -44.942
   300.953    -45.597
   301.186    -43.858
   301.026    -45.003
   300.916    -45.794
   301.212    -43.602
   301.131    -44.215
   300.995    -45.192
   301.095    -44.457
   300.938    -45.592
   301.006    -45.083
   301.220    -43.469
   301.023    -44.947
   301.180    -43.761
   300.926    -45.625
   301.050    -44.726
   301.123    -44.148
   301.175    -43.748
   301.082    -44.419
   301.186    -43.643
   301.087    -44.368
   301.159    -43.786
   300.902    -45.621
   301.120    -44.037
   300.926    -45.438
   300.905    -45.568
   300.889    -45.679
   301.044    -44.556
   301.018    -44.740
   300.945    -45.259
   300.934    -45.333
   301.045    -44.503
   300.869    -45.753
   301.144    -43.769
   301.111    -43.972
   301.230    -43.082
   300.986    -44.851
   301.110    -43.914
   301.134    -43.723
   301.079    -44.101
   301.087    -43.999
   301.175    -43.348
   300.901    -45.317
   300.835    -45.768
   300.841    -45.720
   300.977    -44.765
   300.910    -45.231
   301.051    -44.212
   300.869    -45.475
   301.147    -43.488
   301.071    -44.038
   300.895    -45.246
   300.817    -45.770
   301.073    -43.941
   301.083    -43.869
   301.091    -43.793
   300.827    -45.619
   300.906    -45.073
   301.144    -43.367
   301.009    -44.331
   300.999    -44.365
   300.956    -44.667
   300.899    -45.060
   300.975    -44.522
   301.182    -43.018
   300.906    -44.964
   301.045    -43.989
   301.125    -43.411
   301.079    -43.687
   301.051    -43.883
   300.952    -44.566
   300.781    -45.715
   301.041    -43.912
   300.966    -44.408
   301.043    -43.841
   300.944    -44.480
   301.070    -43.572
   300.919    -44.608
   301.127    -43.139
   300.981    -44.145
   300.762    -45.604
   300.838    -45.091
   300.939    -44.389
   300.975    -44.123
   300.973    -44.135
   300.966    -44.153
   300.951    -44.252
   300.943    -44.285
   300.750    -45.563
   300.916    -44.390
   300.916    -44.374
   300.932    -44.260
   300.941    -44.149
   300.875    -44.548
   300.878    -44.516
   300.970    -43.896
   301.041    -43.359
   300.925    -44.149
   300.899    -44.310
   300.848    -44.628
   300.719    -45.441
   300.873    -44.423
   301.080    -42.996
   300.787    -44.966
   300.906    -44.148
   300.905    -44.133
   301.019    -43.327
   300.875    -44.277
   300.691    -45.445
   300.821    -44.596
   300.884    -44.163
   300.738    -45.086
   300.691    -45.363
   300.763    -44.858
   300.866    -44.150
   300.876    -44.080
   300.943    -43.634
   300.787    -44.651
   300.865    -44.138
   300.675    -45.348
   300.634    -45.584
   300.696    -45.195
   300.629    -45.600
   300.813    -44.438
   300.612    -45.675
   300.968    -43.392
   300.746    -44.827
   300.651    -45.414
   300.827    -44.298
   300.697    -45.109
   300.838    -44.204
   300.895    -43.801
   300.808    -44.322
   300.901    -43.695
   300.711    -44.909
   300.723    -44.820
   300.686    -44.997
   300.744    -44.610
   300.570    -45.668
   300.636    -45.249
   300.791    -44.283
   300.827    -43.977
   300.956    -43.131
   300.584    -45.452
   300.766    -44.297
   300.616    -45.205
   300.743    -44.409
   300.664    -44.868
   300.784    -44.009
   300.503    -45.706
   300.711    -44.439
   300.526    -45.544
   300.736    -44.258
   300.565    -45.286
   300.551    -45.368
   300.914    -43.128
   300.553    -45.329
   300.672    -44.607
   300.810    -43.739
   300.599    -45.017
   300.529    -45.429
   300.831    -43.522
   300.639    -44.691
   300.760    -43.954
   300.737    -44.005
   300.643    -44.517
   300.840    -43.312
   300.702    -44.158
   300.642    -44.479
   300.781    -43.635
   300.469    -45.485
   300.624    -44.567
   300.686    -44.194
   300.711    -44.036
   300.477    -45.380
   300.801    -43.409
   300.677    -44.155
   300.632    -44.419
   300.466    -45.358
   300.565    -44.785
   300.605    -44.528
   300.839    -43.057
   300.764    -43.479
   300.448    -45.326
   300.751    -43.551
   300.867    -42.843
   300.398    -45.597
   300.527    -44.829
   300.723    -43.677
   300.561    -44.615
   300.676    -43.927
   300.404    -45.484
   300.392    -45.525
   300.613    -44.259
   300.413    -45.396
   300.705    -43.673
   300.758    -43.332
   300.531    -44.503
   300.342    -45.563
   300.353    -45.499
   300.564    -44.306
   300.632    -43.903
   300.569    -44.260
   300.762    -43.099
   300.388    -45.242
   300.664    -43.617
   300.362    -45.269
   300.311    -45.510
   300.544    -44.215
   300.561    -44.108
   300.510    -44.391
   300.358    -45.222
   300.345    -45.272
   300.292    -45.460
   300.514    -44.230
   300.581    -43.800
   300.480    -44.327
   300.458    -44.438
   300.490    -44.246
   300.292    -45.313
   300.715    -42.917
   300.440    -44.335
   300.682    -42.924
   300.226    -45.402
   300.490    -43.936
   300.230    -45.309
   300.614    -43.212
   300.587    -43.351
   300.316    -44.770
   300.371    -44.468
   300.212    -45.295
   300.312    -44.704
   300.444    -44.000
   300.128    -45.648
   300.309    -44.655
   300.531    -43.398
   300.167    -45.309
   300.534    -43.370
   300.215    -44.962
   300.274    -44.597
   300.365    -44.121
   300.211    -44.907
   300.225    -44.732
   300.263    -44.494
   300.051    -45.551
   300.418    -43.624
   300.134    -45.053
   300.027    -45.464
   300.330    -43.935
   300.330    -43.917
   300.300    -44.050
   300.327    -43.839
   300.027    -45.217
   300.147    -44.599
   300.352    -43.528
   300.054    -44.876
   300.128    -44.459
   299.943    -45.281
   300.034    -44.838
   300.164    -44.132
   300.073    -44.515
   300.306    -43.294
   300.044    -44.511
   300.109    -44.148
   299.930    -44.891
   300.196    -43.594
   300.238    -43.345
   300.288    -43.067
   300.002    -44.363
   299.854    -44.959
   300.266    -42.960
   299.925    -44.432
   300.037    -43.910
   299.990    -44.115
   299.842    -44.445
   300.011    -43.579
   299.640    -45.107
   299.886    -43.965
   299.773    -44.308
   299.479    -45.392
   299.816    -43.977
   299.821    -43.728
   299.617    -44.509
   299.767    -43.661
   299.575    -44.190
   299.871    -42.963
   299.597    -43.948
   299.583    -43.866
