04 31 47.04 -69 49 09.6 
04 35 31.52 -69 44 05.9 
04 37 48.73 -67 12 51.9 
04 38 56.83 -69 41 18.2 
04 38 58.98 -68 57 24.8 
04 39 30.96 -69 15 42.6 
04 40 47.48 -68 59 08.3 
04 40 54.37 -69 06 54.3 
04 41 12.24 -68 47 59.1 
04 41 19.49 -67 20 08.1 
04 41 26.92 -69 37 54.4 
04 41 57.93 -69 26 00.8 
04 42 06.31 -67 58 11.5 
04 42 14.88 -68 26 10.6 
04 42 38.01 -68 30 59.3 
04 42 47.26 -69 49 00.5 
04 42 53.73 -67 25 59.8 
04 43 01.61 -70 10 01.6 
04 43 10.48 -67 14 00.9 
04 43 10.74 -67 16 58.0 
04 43 20.85 -69 13 47.9 
04 43 31.45 -69 37 28.9 
04 43 35.58 -70 41 46.5 
04 43 40.32 -69 34 14.2 
04 44 04.82 -69 50 29.1 
04 44 34.06 -67 04 21.4 
04 44 47.04 -70 13 51.0 
04 44 53.34 -69 11 29.7 
04 44 54.90 -68 38 21.7 
04 44 59.58 -69 49 55.7 
04 45 29.34 -69 08 49.4 
04 45 34.63 -70 22 15.2 
04 46 32.83 -68 44 57.6 
04 46 39.11 -70 15 57.6 
04 46 47.93 -69 05 43.1 
04 47 00.97 -70 05 52.5 
04 47 24.15 -69 43 19.1 
04 47 31.09 -68 55 28.7 
04 47 44.72 -70 12 07.3 
04 47 46.15 -68 19 49.5 
04 48 00.90 -69 19 14.8 
04 48 01.97 -67 48 29.3 
04 48 34.21 -70 10 16.3 
04 48 34.24 -69 20 50.2 
04 48 35.60 -67 35 00.0 
04 48 45.64 -70 00 21.3 
04 48 48.90 -66 44 02.1 
04 48 50.62 -70 14 53.1 
04 48 51.35 -69 21 22.8 
04 48 56.11 -68 54 06.7 
04 48 56.62 -68 57 12.6 
04 49 04.16 -69 18 02.4 
04 49 13.37 -70 08 59.9 
04 49 21.02 -67 52 18.3 
04 49 22.44 -69 09 01.8 
04 49 34.00 -66 58 33.0 
04 49 41.74 -70 37 38.0 
04 49 44.13 -69 12 54.8 
04 49 45.05 -68 52 48.0 
04 49 45.65 -69 04 22.7 
04 49 55.61 -68 54 54.4 
04 49 57.13 -69 07 38.0 
04 49 57.59 -67 41 37.6 
04 49 59.70 -69 47 06.3 
04 50 09.58 -69 39 39.7 
04 50 14.34 -68 49 28.1 
04 50 15.61 -68 59 52.9 
04 50 17.80 -68 53 56.0 
04 50 19.00 -69 43 02.2 
04 50 23.41 -69 09 17.4 
04 50 26.54 -70 33 27.5 
04 50 27.60 -69 07 56.6 
04 50 29.05 -68 06 53.8 
04 50 30.83 -69 30 14.9 
04 50 32.68 -68 12 49.6 
04 50 35.98 -68 44 31.2 
04 50 37.74 -69 10 25.9 
04 50 38.03 -70 34 31.7 
04 50 43.72 -69 31 44.7 
04 50 48.65 -69 05 07.0 
04 50 49.00 -69 07 04.8 
04 50 50.55 -69 15 22.2 
04 50 50.58 -69 05 28.3 
04 50 51.45 -66 59 56.7 
04 50 54.07 -69 31 41.6 
04 50 55.69 -68 53 40.4 
04 50 56.40 -69 12 50.9 
04 51 01.39 -69 36 08.0 
04 51 02.49 -69 54 49.4 
04 51 04.91 -67 21 51.0 
04 51 09.63 -69 08 23.1 
04 51 12.68 -68 44 16.8 
04 51 15.58 -69 05 17.3 
04 51 17.96 -69 45 44.6 
04 51 22.23 -70 35 31.7 
04 51 24.14 -66 57 33.9 
04 51 24.38 -68 36 46.2 
04 51 25.94 -69 33 11.6 
04 51 27.77 -69 29 22.1 
04 51 31.78 -68 13 32.9 
04 51 42.56 -69 36 30.6 
04 51 45.34 -66 47 29.5 
04 51 52.67 -69 05 48.9 
04 51 55.36 -68 40 13.8 
04 51 56.12 -69 20 36.7 
04 52 00.78 -67 39 48.9 
04 52 04.03 -68 25 18.3 
04 52 05.56 -69 15 20.1 
04 52 05.58 -69 23 26.8 
04 52 06.15 -69 46 09.3 
04 52 07.70 -69 36 50.9 
04 52 13.34 -68 51 23.7 
04 52 13.34 -69 52 02.0 
04 52 13.93 -69 00 42.2 
04 52 14.63 -66 35 32.3 
04 52 15.36 -68 49 44.8 
04 52 15.70 -70 14 31.3 
04 52 19.44 -69 23 01.4 
04 52 19.85 -69 05 29.1 
04 52 26.64 -69 10 10.9 
04 52 27.37 -69 30 54.8 
04 52 27.78 -66 46 09.6 
04 52 28.61 -68 57 39.3 
04 52 31.98 -69 44 20.4 
04 52 46.28 -67 38 03.4 
04 52 48.10 -68 38 45.9 
04 52 50.19 -69 04 19.7 
04 52 50.36 -68 30 36.2 
04 52 51.77 -66 58 05.6 
04 52 52.87 -68 01 25.3 
04 52 54.21 -69 16 35.1 
04 52 57.56 -67 25 02.6 
04 53 00.21 -68 59 58.6 
04 53 00.51 -68 53 49.3 
04 53 01.05 -68 32 25.2 
04 53 02.91 -68 54 28.4 
04 53 08.94 -70 08 16.2 
04 53 09.26 -68 12 40.5 
04 53 10.27 -70 13 08.9 
04 53 10.79 -67 00 41.1 
04 53 10.92 -67 36 21.1 
04 53 11.29 -69 02 29.9 
04 53 13.52 -69 39 08.4 
04 53 15.21 -68 53 05.2 
04 53 15.76 -68 57 16.3 
04 53 16.84 -69 40 17.6 
04 53 19.17 -66 56 00.5 
04 53 21.87 -69 09 20.1 
04 53 23.85 -68 32 21.1 
04 53 28.59 -69 01 47.5 
04 53 29.23 -66 57 14.4 
04 53 31.77 -69 16 53.9 
04 53 33.59 -67 22 07.7 
04 53 33.76 -69 45 33.6 
04 53 35.03 -66 38 55.0 
04 53 36.42 -68 38 55.5 
04 53 36.94 -68 21 52.5 
04 53 38.15 -68 40 02.2 
04 53 42.70 -70 23 10.9 
04 53 45.65 -69 23 28.6 
04 53 46.68 -68 32 18.0 
04 53 46.91 -69 19 12.9 
04 53 49.76 -69 34 05.7 
04 54 01.13 -69 18 51.8 
04 54 05.62 -68 55 31.2 
04 54 12.93 -67 49 30.3 
04 54 13.77 -68 02 05.4 
04 54 14.75 -69 02 13.9 
04 54 18.77 -68 50 41.7 
04 54 20.95 -68 03 50.5 
04 54 21.73 -69 13 42.3 
04 54 21.73 -69 47 40.1 
04 54 24.37 -70 55 24.2 
04 54 28.10 -68 29 54.4 
04 54 33.69 -70 19 36.3 
04 54 36.49 -71 15 24.2 
04 54 38.11 -68 04 21.1 
04 54 38.74 -68 36 37.5 
04 54 43.83 -70 50 04.1 
04 54 44.43 -68 23 49.7 
04 54 49.61 -69 14 29.9 
04 54 50.14 -69 14 12.3 
04 54 52.31 -69 14 40.2 
04 54 52.53 -69 10 27.8 
04 54 52.74 -69 14 02.1 
04 54 54.05 -68 32 29.9 
04 54 54.25 -67 13 36.1 
04 54 54.58 -68 51 44.2 
04 54 55.65 -68 56 25.1 
04 55 00.48 -67 14 40.3 
04 55 01.34 -70 10 48.2 
04 55 01.44 -71 02 14.6 
04 55 01.86 -68 45 21.4 
04 55 02.14 -67 59 59.5 
04 55 04.38 -69 46 22.8 
04 55 06.64 -71 04 53.9 
04 55 06.83 -69 04 29.8 
04 55 11.64 -69 19 44.4 
04 55 16.22 -68 12 19.1 
04 55 17.05 -69 20 13.8 
04 55 21.42 -68 39 59.5 
04 55 22.41 -68 49 18.8 
04 55 23.97 -68 32 37.0 
04 55 25.49 -68 32 29.4 
04 55 31.30 -68 53 00.6 
04 55 34.05 -68 56 47.0 
04 55 35.08 -68 41 23.4 
04 55 41.46 -68 06 55.5 
04 55 42.67 -71 13 06.0 
04 55 45.04 -69 09 32.0 
04 55 45.70 -68 55 23.0 
04 55 46.09 -68 51 20.9 
04 55 49.37 -69 20 58.9 
04 55 51.52 -66 40 14.5 
04 55 52.46 -68 49 16.0 
04 55 52.84 -69 17 19.8 
04 55 56.60 -68 24 33.5 
04 55 58.90 -66 37 19.8 
04 56 11.62 -70 56 06.0 
04 56 12.58 -67 24 48.2 
04 56 16.21 -68 40 55.3 
04 56 20.99 -68 47 36.0 
04 56 22.13 -70 22 53.3 
04 56 22.69 -68 57 42.7 
04 56 25.79 -67 53 17.0 
04 56 29.66 -68 53 22.1 
04 56 32.09 -66 54 18.4 
04 56 33.48 -67 17 36.5 
04 56 33.55 -70 09 20.8 
04 56 34.28 -70 06 38.0 
04 56 34.82 -69 57 55.8 
04 56 36.97 -69 27 08.4 
04 56 38.70 -69 18 02.9 
04 56 40.08 -68 40 22.0 
04 56 41.61 -68 48 39.4 
04 56 43.48 -67 39 08.9 
04 56 44.35 -66 52 56.8 
04 56 53.54 -69 37 54.6 
04 56 54.90 -70 25 49.4 
04 57 01.50 -68 15 11.7 
04 57 01.58 -67 29 28.9 
04 57 04.64 -68 34 18.3 
04 57 04.79 -67 07 35.7 
04 57 09.23 -69 37 20.4 
04 57 09.29 -68 53 34.3 
04 57 19.54 -68 49 16.7 
04 57 21.91 -67 51 17.4 
04 57 25.13 -69 34 02.2 
04 57 26.25 -66 43 24.9 
04 57 27.24 -69 21 18.6 
04 57 27.34 -68 36 04.6 
04 57 28.72 -69 13 36.9 
04 57 39.26 -69 39 19.6 
04 57 40.86 -68 33 59.1 
04 57 41.22 -69 24 19.7 
04 57 41.23 -68 48 00.4 
04 57 43.25 -66 48 07.6 
04 57 43.54 -70 03 12.8 
04 57 45.10 -70 36 05.8 
04 57 45.74 -69 03 45.1 
04 57 47.18 -68 23 25.7 
04 57 49.24 -68 43 11.8 
04 57 50.14 -68 59 22.5 
04 57 51.21 -68 18 15.2 
04 57 57.49 -70 32 42.2 
04 58 01.64 -68 14 51.4 
04 58 12.29 -68 14 38.0 
04 58 12.88 -69 12 09.9 
04 58 16.63 -70 37 47.2 
04 58 18.51 -69 22 01.1 
04 58 18.82 -69 07 01.5 
04 58 22.85 -71 02 32.9 
04 58 23.69 -67 53 57.4 
04 58 26.55 -67 55 45.6 
04 58 27.21 -70 34 53.0 
04 58 28.81 -69 10 31.7 
04 58 32.89 -69 02 27.2 
04 58 33.07 -68 46 22.6 
04 58 36.74 -70 55 52.2 
04 58 36.87 -69 31 53.1 
04 58 41.26 -68 51 54.7 
04 58 41.45 -69 31 32.8 
04 58 42.71 -67 57 55.6 
04 58 43.04 -70 53 27.6 
04 58 43.27 -68 43 49.4 
04 58 44.72 -69 28 58.8 
04 58 55.72 -69 15 59.5 
04 58 58.50 -68 19 06.4 
04 59 01.76 -69 02 36.5 
04 59 02.96 -68 22 09.2 
04 59 10.67 -70 10 14.3 
04 59 11.46 -70 22 12.4 
04 59 14.03 -70 15 53.4 
04 59 17.48 -69 14 18.1 
04 59 17.50 -68 33 17.6 
04 59 20.85 -68 08 52.7 
04 59 24.98 -69 25 38.9 
04 59 28.82 -68 51 48.3 
04 59 30.79 -68 08 55.5 
04 59 32.75 -68 00 45.6 
04 59 37.18 -68 08 47.9 
04 59 39.40 -67 25 49.0 
04 59 41.29 -67 44 17.0 
04 59 42.06 -68 07 15.6 
04 59 42.84 -68 16 45.4 
04 59 45.08 -69 29 35.5 
04 59 46.48 -69 11 40.5 
04 59 49.42 -68 05 07.1 
04 59 49.92 -69 20 44.2 
04 59 52.86 -70 16 37.2 
04 59 53.63 -68 24 31.4 
04 59 54.63 -67 45 12.7 
04 59 56.78 -68 01 09.8 
04 59 57.06 -70 55 18.0 
04 59 57.80 -67 18 18.9 
05 00 03.47 -69 00 44.7 
05 00 04.07 -67 58 06.3 
05 00 05.15 -69 31 37.4 
05 00 06.45 -67 43 06.3 
05 00 11.07 -67 21 46.8 
05 00 14.36 -68 54 32.4 
05 00 16.09 -70 27 33.2 
05 00 16.13 -67 49 14.7 
05 00 19.16 -68 52 38.6 
05 00 25.12 -68 46 14.2 
05 00 26.30 -68 46 24.0 
05 00 29.25 -69 15 24.0 
05 00 33.83 -67 36 19.0 
05 00 34.63 -66 59 06.8 
05 00 37.54 -67 45 34.3 
05 00 42.07 -68 41 49.6 
05 00 43.43 -70 20 42.5 
05 00 44.63 -68 57 15.7 
05 00 46.12 -69 04 54.5 
05 00 54.79 -69 34 47.5 
05 00 56.72 -70 38 21.2 
05 00 57.23 -70 08 32.6 
05 00 57.56 -69 36 02.7 
05 00 59.50 -69 25 19.6 
05 00 59.99 -70 39 51.9 
05 01 03.99 -70 51 07.6 
05 01 05.14 -68 27 06.0 
05 01 05.75 -70 49 38.0 
05 01 06.47 -70 38 33.5 
05 01 07.17 -70 21 56.6 
05 01 19.95 -69 17 22.7 
05 01 20.25 -67 28 01.3 
05 01 26.60 -67 36 01.9 
05 01 31.14 -67 47 18.1 
05 01 31.73 -69 23 18.6 
05 01 31.81 -70 40 59.6 
05 01 32.40 -67 06 40.3 
05 01 36.47 -68 59 48.7 
05 01 41.53 -68 43 56.6 
05 01 43.96 -70 42 32.0 
05 01 44.53 -68 05 52.9 
05 01 46.94 -68 41 40.1 
05 01 50.79 -70 42 29.7 
05 01 53.07 -69 13 52.3 
05 01 54.38 -68 01 57.2 
05 01 58.35 -70 29 14.6 
05 01 59.32 -69 05 19.2 
05 02 02.80 -68 43 35.6 
05 02 02.83 -68 15 06.6 
05 02 05.31 -67 31 35.5 
05 02 05.88 -69 02 55.3 
05 02 07.19 -66 52 30.2 
05 02 07.93 -68 29 07.7 
05 02 11.34 -70 20 04.8 
05 02 12.49 -68 46 59.3 
05 02 12.79 -70 30 35.3 
05 02 15.66 -67 25 15.8 
05 02 18.64 -67 31 16.0 
05 02 19.34 -68 06 48.1 
05 02 19.82 -67 57 29.7 
05 02 22.27 -68 52 21.9 
05 02 23.27 -70 25 23.3 
05 02 26.81 -67 09 18.5 
05 02 27.94 -69 12 41.2 
05 02 28.40 -70 31 17.9 
05 02 29.67 -68 00 40.9 
05 02 29.82 -68 19 31.9 
05 02 31.04 -69 23 49.4 
05 02 33.70 -69 18 49.8 
05 02 36.51 -68 44 41.5 
05 02 37.14 -66 44 59.4 
05 02 46.49 -67 24 07.5 
05 02 48.25 -67 14 23.9 
05 02 50.26 -68 14 12.0 
05 02 52.74 -68 50 35.1 
05 02 53.84 -68 06 25.3 
05 02 57.24 -68 41 43.2 
05 02 59.75 -67 11 05.7 
05 02 59.77 -69 17 12.3 
05 03 00.69 -69 26 39.2 
05 03 03.41 -66 43 39.5 
05 03 06.22 -68 21 37.4 
05 03 09.94 -67 34 42.3 
05 03 11.33 -67 06 14.4 
05 03 13.34 -68 16 47.0 
05 03 14.96 -67 42 37.3 
05 03 16.16 -70 28 58.9 
05 03 22.18 -67 28 21.3 
05 03 26.65 -67 52 42.9 
05 03 29.48 -67 53 08.5 
05 03 29.79 -68 03 14.0 
05 03 30.61 -68 00 02.2 
05 03 31.59 -67 09 08.1 
05 03 32.45 -68 25 20.7 
05 03 41.13 -67 10 07.7 
05 03 46.02 -66 59 24.6 
05 03 50.35 -70 34 05.6 
05 03 50.66 -69 20 47.9 
05 03 51.08 -67 25 04.2 
05 03 51.26 -68 52 59.0 
05 03 52.60 -68 18 57.1 
05 03 53.54 -66 43 07.4 
05 03 54.92 -69 49 26.4 
05 03 56.19 -67 13 16.9 
05 03 57.26 -68 50 24.2 
05 04 00.07 -68 38 54.7 
05 04 01.90 -70 27 37.6 
05 04 02.39 -68 21 31.6 
05 04 05.21 -69 04 51.0 
05 04 07.79 -70 29 50.2 
05 04 08.48 -67 35 56.9 
05 04 11.63 -70 15 33.9 
05 04 14.16 -69 06 11.4 
05 04 16.19 -70 36 03.5 
05 04 18.13 -68 33 59.9 
05 04 24.06 -70 39 48.3 
05 04 24.75 -67 34 47.5 
05 04 24.77 -70 10 52.0 
05 04 25.19 -69 07 38.5 
05 04 26.61 -67 24 06.0 
05 04 31.44 -69 13 50.7 
05 04 31.60 -68 18 20.1 
05 04 33.74 -69 35 13.9 
05 04 34.79 -69 15 11.1 
05 04 35.05 -68 52 36.3 
05 04 41.02 -69 16 17.1 
05 04 45.51 -67 23 13.6 
05 04 47.65 -68 35 22.7 
05 05 00.94 -67 37 27.8 
05 05 02.76 -70 33 12.6 
05 05 07.49 -70 08 22.6 
05 05 08.90 -69 15 12.2 
05 05 10.15 -68 09 50.4 
05 05 14.50 -68 46 07.3 
05 05 16.05 -68 43 24.5 
05 05 17.09 -69 54 21.0 
05 05 22.19 -68 24 07.5 
05 05 24.61 -70 34 41.1 
05 05 28.24 -69 21 50.9 
05 05 30.65 -68 26 25.4 
05 05 34.69 -69 20 29.1 
05 05 41.97 -68 51 05.3 
05 05 43.99 -68 59 51.3 
05 05 45.86 -68 15 20.8 
05 05 49.61 -67 13 11.5 
05 05 52.37 -69 09 29.9 
05 05 53.38 -68 07 08.1 
05 05 55.01 -68 05 35.4 
05 05 57.39 -68 26 17.9 
05 05 59.19 -66 47 15.0 
05 06 00.15 -70 27 22.4 
05 06 01.13 -68 37 38.5 
05 06 05.75 -68 41 52.1 
05 06 05.98 -66 59 43.9 
05 06 07.06 -70 26 08.8 
05 06 07.13 -66 37 49.3 
05 06 18.53 -66 38 44.7 
05 06 19.60 -66 35 47.8 
05 06 22.87 -67 58 33.5 
05 06 30.94 -69 55 42.5 
05 06 37.62 -66 43 08.8 
05 06 39.12 -68 57 47.2 
05 06 39.56 -70 43 22.5 
05 06 39.89 -68 25 12.6 
05 06 41.52 -67 13 56.2 
05 06 50.39 -68 06 40.1 
05 06 55.27 -68 38 14.2 
05 06 55.63 -68 14 55.8 
05 06 56.76 -66 42 40.3 
05 06 58.63 -67 40 44.7 
05 06 59.57 -69 18 20.4 
05 07 04.35 -70 41 35.7 
05 07 13.55 -70 34 00.3 
05 07 14.94 -68 06 44.4 
05 07 16.38 -70 47 06.4 
05 07 17.64 -66 49 54.5 
05 07 18.60 -66 34 52.7 
05 07 19.41 -70 45 43.2 
05 07 22.47 -70 44 25.9 
05 07 22.63 -66 48 56.8 
05 07 23.29 -68 38 30.8 
05 07 24.43 -70 48 29.9 
05 07 25.76 -68 28 36.7 
05 07 25.88 -70 48 36.9 
05 07 26.11 -68 53 20.0 
05 07 26.31 -68 29 13.6 
05 07 26.73 -66 36 58.5 
05 07 27.05 -70 50 42.4 
05 07 29.33 -66 57 58.3 
05 07 29.63 -68 31 14.1 
05 07 30.18 -69 12 55.0 
05 07 33.19 -70 13 41.0 
05 07 35.96 -70 17 18.7 
05 07 38.53 -70 48 26.0 
05 07 40.90 -70 17 50.4 
05 07 56.39 -66 37 45.4 
05 08 01.06 -67 01 17.1 
05 08 05.66 -68 34 53.4 
05 08 05.74 -70 22 52.2 
05 08 07.27 -68 41 08.1 
05 08 09.63 -69 15 47.3 
05 08 09.85 -67 20 21.7 
05 08 09.89 -68 10 37.8 
05 08 12.53 -66 51 39.2 
05 08 17.66 -70 11 28.5 
05 08 20.13 -70 43 44.9 
05 08 30.36 -69 07 42.6 
05 08 30.61 -69 08 46.5 
05 08 31.03 -68 12 31.9 
05 08 33.50 -70 26 53.8 
05 08 35.26 -68 48 59.5 
05 08 38.46 -68 30 41.4 
05 08 42.29 -67 13 48.3 
05 08 43.12 -68 45 33.0 
05 08 43.57 -69 08 26.4 
05 08 44.72 -68 00 25.1 
05 08 46.53 -68 10 31.6 
05 08 47.38 -66 51 43.0 
05 08 48.90 -69 39 14.0 
05 08 54.19 -70 06 07.3 
05 08 54.29 -69 14 33.7 
05 08 54.93 -68 43 10.0 
05 08 57.65 -68 50 59.2 
05 09 12.35 -70 51 49.4 
05 09 15.12 -69 09 02.5 
05 09 17.79 -68 39 09.1 
05 09 18.35 -68 17 58.4 
05 09 20.33 -70 32 51.7 
05 09 20.48 -68 51 05.3 
05 09 21.21 -70 49 22.9 
05 09 25.70 -69 19 07.6 
05 09 27.44 -68 04 04.8 
05 09 29.76 -68 58 15.5 
05 09 33.80 -70 42 39.4 
05 09 36.96 -68 02 43.6 
05 09 37.53 -70 17 30.9 
05 09 49.47 -69 17 08.1 
05 09 50.14 -68 31 17.9 
05 09 55.93 -68 49 12.9 
05 09 56.34 -68 59 40.6 
05 09 59.27 -69 08 40.6 
05 10 00.53 -66 41 56.1 
05 10 02.01 -69 27 18.8 
05 10 02.96 -69 01 16.1 
05 10 04.45 -68 53 29.6 
05 10 12.02 -68 10 13.9 
05 10 13.39 -66 35 00.7 
05 10 22.45 -67 08 46.0 
05 10 28.46 -69 53 16.5 
05 10 34.51 -69 13 44.0 
05 10 37.44 -69 15 06.9 
05 10 37.86 -71 17 42.3 
05 10 43.63 -70 28 51.5 
05 10 45.20 -69 06 28.2 
05 10 50.50 -70 12 17.4 
05 11 00.31 -70 00 00.4 
05 11 06.11 -69 06 19.5 
05 11 10.04 -66 35 58.9 
05 11 11.33 -69 12 29.9 
05 11 13.99 -69 59 31.8 
05 11 19.83 -68 33 07.3 
05 11 23.56 -70 56 06.1 
05 11 23.83 -71 18 43.2 
05 11 30.79 -70 19 58.0 
05 11 31.40 -68 35 29.1 
05 11 41.78 -70 44 14.9 
05 11 45.84 -69 48 01.8 
05 11 46.50 -70 00 01.3 
05 11 48.79 -68 46 22.9 
05 11 50.23 -68 30 59.1 
05 11 51.84 -68 06 44.6 
05 11 53.26 -69 06 48.5 
05 11 57.62 -67 46 37.6 
05 11 58.00 -71 08 53.6 
05 12 00.96 -71 02 26.0 
05 12 01.95 -68 50 39.0 
05 12 06.54 -69 13 06.4 
05 12 06.62 -66 35 18.4 
05 12 07.92 -68 52 02.5 
05 12 16.06 -69 20 07.5 
05 12 18.80 -68 52 45.1 
05 12 20.59 -69 22 44.9 
05 12 28.71 -68 33 54.4 
05 12 34.76 -69 12 34.2 
05 12 41.43 -66 59 19.5 
05 12 42.20 -68 34 59.4 
05 12 44.69 -70 34 35.1 
05 12 45.55 -69 16 03.1 
05 12 47.03 -69 06 08.9 
05 12 48.15 -68 29 06.4 
05 12 49.78 -69 00 50.3 
05 12 56.23 -68 57 52.2 
05 12 57.66 -69 02 03.8 
05 13 00.27 -70 39 00.9 
05 13 04.09 -68 46 17.8 
05 13 07.86 -69 03 09.3 
05 13 10.09 -70 26 45.0 
05 13 10.34 -69 06 54.1 
05 13 11.40 -71 13 28.6 
05 13 12.60 -68 32 51.3 
05 13 13.38 -70 18 42.2 
05 13 18.02 -69 52 44.7 
05 13 18.39 -67 22 21.4 
05 13 20.80 -68 38 15.9 
05 13 26.52 -70 04 55.8 
05 13 33.67 -68 57 07.1 
05 13 46.47 -69 08 47.7 
05 13 49.26 -69 57 52.7 
05 13 49.89 -69 12 02.4 
05 13 50.41 -70 26 04.1 
05 13 50.43 -69 05 01.3 
05 13 52.79 -69 34 48.8 
05 13 56.40 -69 00 55.7 
05 13 56.42 -67 09 22.9 
05 14 01.19 -67 40 52.3 
05 14 01.82 -69 19 50.8 
05 14 03.21 -66 53 26.8 
05 14 06.30 -69 04 26.1 
05 14 07.50 -69 01 13.0 
05 14 10.91 -68 54 31.5 
05 14 12.75 -70 13 38.6 
05 14 14.93 -69 02 19.6 
05 14 19.38 -69 29 24.2 
05 14 29.08 -69 42 23.9 
05 14 29.56 -68 54 35.4 
05 14 36.51 -69 07 29.1 
05 14 37.51 -70 46 09.2 
05 14 38.96 -69 30 27.8 
05 14 40.20 -70 08 11.2 
05 14 40.30 -68 54 33.3 
05 14 41.57 -70 42 32.0 
05 14 45.88 -69 19 58.2 
05 14 46.13 -69 20 31.8 
05 14 48.93 -68 56 01.8 
05 14 52.17 -68 49 04.0 
05 14 57.03 -68 56 38.8 
05 15 00.98 -66 37 40.4 
05 15 02.40 -69 07 42.9 
05 15 03.22 -69 25 24.9 
05 15 04.61 -70 07 09.9 
05 15 10.42 -69 22 58.0 
05 15 10.82 -69 32 22.8 
05 15 11.45 -69 15 07.6 
05 15 13.60 -68 52 50.1 
05 15 15.87 -71 37 22.7 
05 15 16.87 -69 08 09.0 
05 15 17.02 -70 41 34.3 
05 15 18.78 -69 13 32.0 
05 15 19.94 -69 26 24.0 
05 15 20.37 -71 40 23.6 
05 15 20.44 -69 24 42.7 
05 15 21.42 -69 05 01.1 
05 15 21.69 -71 02 32.2 
05 15 24.16 -70 10 51.8 
05 15 24.70 -69 06 20.2 
05 15 25.73 -69 20 27.3 
05 15 26.16 -68 43 02.3 
05 15 28.23 -69 13 57.8 
05 15 28.94 -70 00 55.3 
05 15 34.00 -70 17 08.7 
05 15 34.57 -66 38 48.2 
05 15 37.26 -69 08 16.4 
05 15 37.43 -69 30 29.2 
05 15 38.37 -69 15 19.8 
05 15 43.03 -67 30 41.0 
05 15 43.67 -69 02 55.5 
05 15 45.48 -69 22 02.9 
05 15 45.98 -69 14 30.2 
05 15 48.01 -69 55 03.4 
05 15 49.84 -69 30 28.6 
05 15 51.65 -68 40 44.0 
05 15 52.43 -69 28 16.0 
05 15 57.00 -69 21 46.4 
05 15 57.24 -66 57 29.5 
05 15 58.04 -69 42 43.5 
05 15 58.24 -68 58 13.0 
05 15 59.87 -69 47 35.8 
05 15 59.90 -69 04 29.7 
05 16 00.22 -69 32 17.4 
05 16 00.44 -68 57 07.1 
05 16 00.63 -70 07 50.4 
05 16 00.76 -71 31 08.6 
05 16 00.95 -71 39 52.2 
05 16 03.84 -69 14 52.4 
05 16 04.55 -68 59 50.4 
05 16 06.56 -69 28 25.3 
05 16 08.02 -69 01 51.9 
05 16 10.94 -70 17 36.0 
05 16 11.80 -69 15 25.9 
05 16 15.57 -68 28 30.3 
05 16 15.75 -68 57 42.8 
05 16 16.65 -70 10 07.1 
05 16 19.62 -69 18 20.2 
05 16 24.85 -70 33 09.7 
05 16 25.33 -68 49 51.1 
05 16 36.33 -70 39 49.5 
05 16 41.31 -71 36 27.1 
05 16 52.66 -69 22 03.9 
05 16 52.71 -69 01 56.5 
05 16 54.89 -69 19 50.4 
05 16 56.41 -69 39 19.8 
05 16 58.66 -69 23 38.0 
05 16 59.85 -69 20 06.0 
05 17 01.14 -69 30 35.8 
05 17 01.46 -69 15 14.4 
05 17 07.49 -69 13 36.9 
05 17 09.62 -69 13 13.9 
05 17 18.05 -69 32 59.7 
05 17 23.32 -69 11 03.2 
05 17 24.74 -69 20 57.6 
05 17 30.73 -69 12 02.3 
05 17 31.77 -69 25 11.4 
05 17 35.29 -69 09 17.5 
05 17 35.69 -69 48 13.3 
05 17 35.70 -69 16 01.2 
05 17 38.42 -69 45 19.3 
05 17 41.16 -69 41 25.9 
05 17 41.63 -69 21 31.4 
05 17 49.25 -70 26 38.3 
05 17 49.95 -69 28 29.3 
05 17 54.21 -70 55 16.9 
05 17 54.97 -69 34 55.1 
05 17 55.26 -69 45 46.3 
05 17 56.32 -69 47 21.2 
05 17 56.44 -69 34 53.0 
05 17 56.51 -69 38 53.4 
05 17 59.66 -69 16 02.5 
05 18 01.42 -71 09 11.1 
05 18 02.38 -70 45 34.1 
05 18 03.52 -69 15 13.9 
05 18 03.79 -69 25 35.9 
05 18 06.55 -69 39 00.4 
05 18 06.98 -69 56 46.1 
05 18 07.16 -69 49 44.8 
05 18 08.24 -71 31 30.7 
05 18 08.63 -69 45 22.9 
05 18 28.08 -69 27 46.0 
05 18 28.98 -69 34 01.5 
05 18 29.58 -69 48 41.1 
05 18 38.90 -69 35 16.5 
05 18 41.00 -69 25 16.3 
05 18 41.88 -69 38 23.0 
05 18 45.42 -70 27 39.3 
05 18 49.14 -69 21 29.2 
05 18 50.25 -69 16 36.2 
05 18 51.07 -69 39 12.9 
05 18 55.99 -69 26 27.6 
05 18 56.38 -69 34 02.6 
05 18 58.21 -69 16 46.2 
05 18 58.78 -69 06 32.5 
05 19 00.51 -69 11 30.3 
05 19 02.09 -69 21 17.7 
05 19 02.56 -69 40 10.1 
05 19 07.32 -69 22 56.4 
05 19 12.44 -69 55 54.0 
05 19 15.34 -69 41 28.4 
05 19 15.82 -69 14 45.7 
05 19 17.20 -69 30 25.2 
05 19 23.19 -69 06 16.6 
05 19 23.27 -69 09 54.1 
05 19 28.00 -69 11 31.3 
05 19 28.40 -70 57 50.1 
05 19 30.34 -68 57 36.9 
05 19 32.17 -69 04 47.1 
05 19 33.04 -70 35 18.9 
05 19 38.01 -69 37 44.5 
05 19 38.13 -69 22 00.7 
05 19 38.48 -68 30 56.6 
05 19 40.35 -69 34 19.2 
05 19 41.05 -69 23 49.8 
05 19 46.74 -68 34 38.4 
05 19 47.02 -69 12 29.2 
05 19 47.90 -67 50 48.4 
05 19 58.73 -69 19 15.3 
05 19 58.90 -71 46 32.7 
05 20 01.58 -70 51 06.6 
05 20 04.51 -71 13 54.7 
05 20 04.51 -69 16 50.8 
05 20 10.39 -68 54 13.4 
05 20 12.77 -68 44 33.1 
05 20 14.06 -70 06 26.4 
05 20 17.23 -69 30 11.2 
05 20 18.53 -70 43 24.1 
05 20 22.96 -70 02 33.0 
05 20 26.35 -68 47 17.8 
05 20 27.07 -71 54 23.6 
05 20 28.72 -68 04 37.6 
05 20 31.19 -69 32 13.9 
05 20 35.84 -68 39 12.8 
05 20 37.39 -69 30 56.6 
05 20 40.82 -71 51 09.6 
05 20 41.58 -69 07 34.8 
05 20 42.36 -70 09 50.0 
05 20 45.73 -69 50 15.7 
05 20 46.77 -70 31 06.9 
05 20 51.40 -68 52 00.8 
05 20 55.97 -69 48 20.4 
05 20 59.03 -69 46 31.8 
05 21 04.17 -71 08 27.4 
05 21 05.08 -69 40 35.8 
05 21 08.26 -69 08 29.9 
05 21 11.47 -68 57 41.8 
05 21 15.02 -69 49 33.8 
05 21 16.43 -70 11 25.2 
05 21 17.37 -69 55 04.1 
05 21 21.81 -70 02 48.7 
05 21 22.53 -69 56 28.1 
05 21 24.27 -71 35 25.5 
05 21 24.42 -69 56 34.1 
05 21 29.97 -69 55 11.9 
05 21 37.20 -69 52 51.2 
05 21 40.42 -70 02 01.2 
05 21 42.13 -69 56 21.1 
05 21 43.37 -68 34 15.0 
05 21 48.26 -70 30 25.8 
05 21 49.62 -70 05 45.9 
05 21 50.32 -69 45 57.9 
05 21 51.74 -70 46 00.2 
05 21 51.90 -71 07 29.5 
05 21 52.69 -69 36 22.2 
05 21 54.49 -67 46 27.0 
05 21 56.05 -69 19 06.5 
05 21 59.70 -69 43 08.1 
05 22 01.12 -68 51 32.3 
05 22 01.96 -69 22 46.4 
05 22 02.17 -69 53 40.9 
05 22 03.51 -68 07 11.2 
05 22 08.18 -69 55 36.5 
05 22 10.55 -70 33 15.0 
05 22 12.16 -69 53 35.3 
05 22 12.25 -70 04 31.2 
05 22 12.50 -69 31 06.3 
05 22 14.69 -70 09 29.3 
05 22 16.35 -68 52 25.2 
05 22 16.79 -70 00 18.1 
05 22 19.37 -69 37 54.7 
05 22 20.92 -69 23 36.3 
05 22 23.09 -68 38 10.0 
05 22 25.61 -69 49 29.3 
05 22 26.90 -70 05 14.1 
05 22 27.32 -69 53 24.3 
05 22 28.79 -70 09 23.0 
05 22 28.91 -70 09 10.2 
05 22 29.22 -70 09 16.9 
05 22 29.39 -70 09 14.7 
05 22 29.42 -70 10 22.3 
05 22 29.92 -70 08 59.3 
05 22 30.12 -70 09 13.8 
05 22 30.23 -70 09 21.6 
05 22 30.26 -70 09 17.3 
05 22 34.83 -69 55 43.5 
05 22 37.36 -71 53 54.5 
05 22 39.17 -69 58 09.4 
05 22 39.88 -71 18 24.1 
05 22 40.18 -70 00 39.6 
05 22 40.35 -69 30 30.5 
05 22 40.62 -69 40 28.0 
05 22 41.06 -69 58 43.1 
05 22 41.76 -69 35 05.2 
05 22 43.19 -70 23 04.8 
05 22 43.68 -70 16 11.4 
05 22 44.37 -70 09 39.2 
05 22 44.62 -68 27 03.7 
05 22 45.79 -67 54 38.3 
05 22 48.02 -69 20 03.1 
05 22 48.29 -69 42 45.5 
05 22 49.46 -71 03 12.6 
05 22 50.56 -69 53 20.1 
05 22 51.89 -69 47 30.8 
05 22 52.01 -70 07 47.2 
05 22 52.85 -70 07 45.9 
05 22 53.94 -69 18 58.2 
05 22 56.27 -69 19 58.8 
05 22 59.49 -70 33 24.2 
05 23 00.60 -69 32 17.4 
05 23 01.06 -69 44 59.4 
05 23 01.62 -71 45 25.5 
05 23 04.49 -70 31 13.8 
05 23 04.72 -69 16 57.4 
05 23 07.71 -69 33 49.9 
05 23 09.03 -70 06 37.5 
05 23 09.42 -69 58 08.6 
05 23 11.74 -70 53 33.6 
05 23 11.97 -70 58 35.3 
05 23 14.06 -70 06 24.2 
05 23 14.30 -70 03 13.0 
05 23 15.86 -69 53 58.2 
05 23 18.11 -70 14 05.0 
05 23 19.31 -69 53 35.3 
05 23 30.11 -71 48 16.0 
05 23 35.07 -70 16 05.9 
05 23 35.33 -69 27 37.9 
05 23 37.91 -69 57 53.5 
05 23 39.17 -70 00 14.2 
05 23 45.63 -71 03 09.1 
05 23 45.99 -70 18 28.7 
05 23 47.56 -70 30 13.4 
05 23 51.27 -69 13 55.4 
05 23 52.20 -70 03 30.0 
05 23 52.43 -69 06 42.9 
05 23 53.57 -69 20 50.3 
05 24 04.17 -69 58 20.0 
05 24 06.43 -69 48 22.2 
05 24 17.14 -70 12 07.5 
05 24 18.99 -68 02 02.1 
05 24 21.31 -69 48 30.6 
05 24 21.94 -70 53 00.8 
05 24 24.66 -69 42 30.3 
05 24 25.07 -70 10 23.4 
05 24 25.52 -69 46 19.1 
05 24 26.60 -68 33 41.6 
05 24 29.35 -70 09 58.4 
05 24 30.11 -71 54 15.3 
05 24 30.59 -69 12 34.1 
05 24 33.08 -71 05 05.1 
05 24 33.27 -69 36 40.2 
05 24 33.94 -69 54 48.7 
05 24 34.88 -69 44 19.8 
05 24 34.94 -70 35 54.7 
05 24 35.08 -71 21 20.1 
05 24 35.23 -71 07 30.3 
05 24 35.88 -68 57 22.7 
05 24 36.31 -70 19 50.8 
05 24 36.53 -68 35 48.2 
05 24 37.20 -71 55 03.2 
05 24 41.41 -69 43 31.9 
05 24 42.02 -70 41 17.6 
05 24 43.91 -69 30 26.8 
05 24 45.26 -69 42 00.7 
05 24 46.92 -70 17 45.5 
05 24 52.69 -70 00 55.4 
05 24 55.93 -69 43 52.6 
05 24 57.03 -69 13 32.6 
05 24 59.90 -68 12 02.1 
05 25 04.14 -70 06 29.3 
05 25 15.25 -69 50 59.7 
05 25 17.14 -69 41 20.8 
05 25 18.00 -69 49 37.6 
05 25 19.29 -69 27 05.2 
05 25 21.11 -69 50 17.5 
05 25 21.40 -69 49 01.7 
05 25 22.98 -69 00 56.2 
05 25 23.42 -69 52 32.6 
05 25 24.11 -69 44 57.4 
05 25 25.82 -68 23 51.2 
05 25 27.20 -69 49 29.4 
05 25 28.42 -70 11 58.7 
05 25 28.81 -69 54 44.5 
05 25 28.95 -69 50 03.1 
05 25 29.28 -69 55 12.6 
05 25 30.26 -69 52 15.6 
05 25 30.32 -69 50 13.3 
05 25 31.44 -69 50 03.7 
05 25 31.70 -71 22 16.9 
05 25 32.52 -70 13 02.1 
05 25 33.28 -69 29 44.4 
05 25 34.97 -68 50 19.5 
05 25 35.38 -71 08 06.5 
05 25 40.61 -69 50 13.5 
05 25 41.20 -69 50 52.6 
05 25 43.04 -69 07 00.4 
05 25 43.25 -71 39 15.4 
05 25 45.42 -69 31 14.3 
05 25 54.90 -69 54 51.3 
05 25 55.33 -69 04 11.6 
05 26 00.30 -70 36 48.9 
05 26 06.24 -69 50 24.6 
05 26 07.95 -69 51 31.7 
05 26 11.96 -69 19 41.8 
05 26 15.74 -69 42 04.4 
05 26 18.04 -69 48 33.4 
05 26 19.04 -69 48 08.7 
05 26 20.95 -71 09 32.0 
05 26 22.57 -69 36 07.4 
05 26 23.41 -71 02 18.7 
05 26 28.87 -69 51 20.1 
05 26 29.02 -69 44 18.0 
05 26 30.82 -70 58 26.1 
05 26 31.77 -69 50 26.9 
05 26 36.13 -69 49 18.3 
05 26 38.06 -70 09 01.5 
05 26 44.58 -69 48 04.6 
05 26 44.67 -69 48 09.6 
05 26 49.99 -69 45 52.8 
05 26 52.27 -70 20 22.0 
05 26 52.31 -70 08 28.6 
05 26 53.56 -68 24 46.7 
05 26 55.48 -70 01 04.0 
05 26 55.82 -70 04 47.3 
05 26 58.37 -70 15 48.9 
05 26 59.46 -69 51 10.5 
05 27 03.53 -70 01 34.0 
05 27 04.98 -69 50 44.5 
05 27 10.80 -70 14 03.0 
05 27 15.03 -70 00 46.6 
05 27 16.34 -71 02 04.0 
05 27 17.15 -69 58 53.0 
05 27 17.45 -69 44 25.7 
05 27 21.27 -69 52 19.5 
05 27 22.96 -69 50 58.0 
05 27 27.16 -71 52 54.4 
05 27 30.23 -70 10 46.4 
05 27 33.99 -69 51 22.5 
05 27 36.68 -69 53 42.9 
05 27 36.96 -69 56 27.0 
05 27 42.77 -68 36 31.5 
05 27 43.48 -70 08 42.5 
05 27 45.19 -71 10 06.5 
05 27 47.08 -69 19 38.6 
05 27 48.47 -68 22 56.9 
05 27 53.27 -71 13 37.1 
05 27 54.78 -71 51 54.2 
05 27 55.00 -69 48 03.9 
05 27 56.93 -68 25 19.2 
05 27 57.71 -69 53 48.6 
05 28 06.90 -71 23 40.2 
05 28 08.72 -70 18 32.8 
05 28 11.38 -71 22 43.3 
05 28 19.67 -69 57 59.5 
05 28 20.61 -70 51 43.8 
05 28 22.70 -69 39 34.5 
05 28 29.64 -69 52 36.6 
05 28 30.25 -68 38 48.9 
05 28 30.47 -70 20 37.4 
05 28 31.39 -69 58 09.6 
05 28 31.91 -69 50 54.1 
05 28 33.16 -69 07 49.3 
05 28 33.48 -69 35 46.1 
05 28 35.10 -69 51 23.3 
05 28 37.23 -69 41 01.2 
05 28 37.40 -69 40 55.2 
05 28 41.10 -69 06 08.0 
05 28 43.55 -69 50 03.2 
05 28 45.16 -70 22 15.0 
05 28 45.46 -69 52 06.5 
05 28 47.21 -71 53 16.7 
05 28 51.43 -69 50 04.2 
05 28 53.57 -70 04 09.8 
05 28 54.52 -71 02 34.7 
05 29 06.50 -69 10 34.3 
05 29 08.26 -67 49 48.3 
05 29 08.95 -69 24 13.2 
05 29 14.59 -69 31 05.7 
05 29 17.05 -69 00 22.0 
05 29 21.42 -69 27 59.6 
05 29 22.37 -68 50 38.6 
05 29 25.59 -71 23 48.2 
05 29 28.15 -71 09 23.9 
05 29 28.24 -70 14 55.1 
05 29 31.16 -71 08 36.8 
05 29 33.25 -69 21 01.6 
05 29 33.78 -70 00 32.8 
05 29 35.74 -69 00 21.5 
05 29 39.06 -71 40 40.1 
05 29 41.86 -69 51 54.5 
05 29 42.67 -70 18 50.5 
05 29 48.12 -71 20 35.6 
05 29 48.45 -69 49 50.7 
05 29 52.20 -69 37 21.4 
05 29 54.42 -71 06 03.4 
05 29 58.67 -68 25 20.7 
05 29 59.14 -71 03 38.6 
05 30 00.42 -70 46 37.8 
05 30 04.21 -69 56 46.2 
05 30 04.67 -70 38 46.9 
05 30 11.07 -71 46 05.4 
05 30 13.60 -68 51 06.9 
05 30 13.93 -70 03 49.3 
05 30 14.51 -69 44 22.4 
05 30 15.07 -71 16 58.8 
05 30 21.11 -69 34 25.0 
05 30 22.91 -70 38 24.2 
05 30 23.50 -70 00 08.2 
05 30 25.92 -70 48 49.4 
05 30 27.79 -69 56 40.7 
05 30 32.59 -70 45 50.9 
05 30 33.43 -70 05 09.3 
05 30 35.82 -70 49 13.6 
05 30 37.54 -69 46 42.3 
05 30 38.14 -69 58 06.2 
05 30 39.18 -69 25 43.4 
05 30 40.69 -69 45 09.0 
05 30 41.80 -69 49 15.5 
05 30 45.82 -70 16 17.7 
05 30 45.85 -68 47 27.0 
05 30 48.15 -71 11 32.0 
05 30 48.24 -68 28 53.3 
05 30 48.58 -70 10 29.4 
05 30 48.71 -69 48 48.0 
05 30 50.87 -71 17 03.3 
05 30 52.80 -68 50 24.9 
05 30 57.49 -71 49 01.1 
05 30 58.33 -69 57 31.8 
05 30 59.48 -69 35 31.2 
05 30 59.97 -70 19 02.2 
05 31 00.91 -69 45 32.4 
05 31 01.03 -69 06 30.3 
05 31 01.70 -69 06 21.5 
05 31 02.41 -71 24 05.4 
05 31 02.99 -69 32 07.2 
05 31 04.22 -71 19 04.7 
05 31 09.71 -70 59 49.8 
05 31 10.77 -71 48 58.2 
05 31 12.67 -70 04 27.3 
05 31 15.73 -71 52 12.5 
05 31 16.24 -70 19 19.4 
05 31 17.49 -69 54 28.3 
05 31 18.30 -69 36 26.4 
05 31 21.08 -67 59 47.0 
05 31 22.41 -69 53 23.0 
05 31 23.21 -70 13 01.3 
05 31 27.45 -71 10 05.4 
05 31 35.29 -69 19 06.8 
05 31 38.39 -69 56 53.7 
05 31 38.78 -69 58 42.0 
05 31 41.34 -69 57 12.3 
05 31 42.61 -70 26 08.5 
05 31 42.83 -70 28 07.1 
05 31 43.44 -71 22 19.2 
05 31 43.57 -71 08 29.4 
05 31 44.28 -69 58 11.4 
05 31 47.82 -71 30 28.9 
05 31 48.14 -70 01 27.3 
05 31 49.07 -70 08 54.3 
05 31 50.44 -69 54 57.6 
05 31 53.90 -70 19 13.9 
05 31 55.25 -68 35 20.8 
05 31 56.28 -69 14 34.0 
05 31 58.03 -71 20 48.5 
05 32 01.02 -69 47 53.0 
05 32 02.54 -69 38 14.2 
05 32 02.87 -70 10 17.4 
05 32 03.77 -71 25 22.3 
05 32 04.49 -68 37 16.8 
05 32 04.91 -69 20 57.1 
05 32 06.65 -71 51 06.1 
05 32 11.98 -70 00 19.0 
05 32 12.40 -69 58 36.0 
05 32 15.62 -70 01 55.8 
05 32 18.37 -70 22 47.0 
05 32 21.13 -67 52 42.2 
05 32 22.70 -69 02 06.0 
05 32 24.92 -69 58 38.3 
05 32 26.53 -69 46 21.9 
05 32 29.73 -70 12 56.4 
05 32 32.32 -70 11 25.4 
05 32 32.94 -69 59 49.1 
05 32 37.83 -70 47 38.3 
05 32 37.90 -70 04 57.2 
05 32 38.65 -71 44 24.6 
05 32 43.49 -70 14 48.9 
05 32 44.22 -71 06 51.2 
05 32 46.74 -71 52 41.7 
05 32 48.82 -70 13 58.6 
05 32 52.36 -71 25 57.0 
05 32 54.38 -71 44 36.9 
05 32 58.38 -69 51 55.8 
05 32 58.53 -69 05 04.4 
05 33 02.20 -70 15 33.4 
05 33 06.75 -68 45 26.8 
05 33 07.10 -71 12 02.8 
05 33 07.29 -70 55 24.9 
05 33 13.65 -69 54 56.1 
05 33 13.77 -71 48 29.9 
05 33 16.41 -70 03 53.8 
05 33 18.44 -70 10 03.4 
05 33 21.93 -68 35 24.1 
05 33 22.79 -69 57 19.9 
05 33 22.92 -70 59 43.7 
05 33 23.41 -71 37 46.3 
05 33 26.06 -68 09 55.1 
05 33 28.10 -71 00 08.9 
05 33 29.79 -69 37 09.0 
05 33 29.79 -70 16 34.9 
05 33 29.98 -70 40 22.0 
05 33 30.75 -71 09 06.7 
05 33 31.49 -69 00 53.1 
05 33 35.24 -70 58 30.4 
05 33 36.64 -69 45 17.5 
05 33 38.03 -70 59 41.6 
05 33 39.17 -71 16 19.8 
05 33 40.39 -70 59 12.3 
05 33 40.47 -69 52 59.1 
05 33 40.47 -70 58 56.7 
05 33 40.58 -70 59 15.7 
05 33 41.45 -71 26 29.1 
05 33 41.68 -70 59 17.8 
05 33 42.17 -70 59 18.1 
05 33 42.41 -70 58 51.3 
05 33 42.43 -70 58 52.8 
05 33 43.17 -70 58 51.3 
05 33 45.07 -70 59 35.5 
05 33 45.68 -69 43 38.9 
05 33 45.70 -68 29 22.7 
05 33 48.56 -69 45 12.7 
05 33 49.88 -70 22 40.3 
05 33 50.21 -70 35 59.0 
05 33 52.56 -71 07 39.8 
05 33 54.44 -70 02 55.1 
05 33 55.47 -71 48 50.3 
05 33 57.51 -69 33 58.4 
05 33 57.90 -70 06 46.1 
05 34 00.93 -68 40 52.3 
05 34 02.54 -70 59 38.8 
05 34 03.96 -68 39 11.3 
05 34 06.36 -69 36 35.8 
05 34 07.07 -71 29 00.2 
05 34 07.55 -68 43 36.7 
05 34 10.49 -70 11 44.1 
05 34 14.06 -70 59 55.4 
05 34 19.30 -70 58 44.1 
05 34 19.57 -67 59 34.3 
05 34 20.69 -70 35 48.2 
05 34 22.75 -68 08 52.0 
05 34 27.87 -69 49 01.8 
05 34 28.40 -70 37 37.3 
05 34 29.30 -70 11 56.1 
05 34 32.68 -69 19 18.2 
05 34 33.01 -68 50 14.0 
05 34 39.26 -70 04 23.2 
05 34 39.47 -70 45 42.9 
05 34 39.62 -68 48 36.0 
05 34 40.07 -68 06 40.7 
05 34 41.57 -68 41 26.4 
05 34 42.12 -70 33 41.9 
05 34 45.10 -69 59 19.7 
05 34 47.42 -69 54 51.5 
05 34 48.15 -70 10 56.0 
05 34 51.88 -69 24 06.1 
05 34 57.10 -70 55 00.5 
05 34 58.63 -70 26 30.7 
05 34 58.90 -70 11 48.3 
05 35 01.84 -69 37 00.7 
05 35 04.27 -71 23 55.2 
05 35 08.91 -71 33 30.4 
05 35 10.68 -69 40 13.4 
05 35 11.37 -69 57 46.9 
05 35 14.17 -70 06 16.1 
05 35 14.28 -70 09 07.2 
05 35 19.67 -70 19 22.8 
05 35 22.00 -69 58 08.0 
05 35 24.32 -69 57 24.8 
05 35 24.99 -70 15 16.1 
05 35 25.50 -68 46 30.1 
05 35 27.35 -71 08 40.0 
05 35 30.76 -69 58 05.7 
05 35 31.47 -71 15 43.8 
05 35 31.79 -69 43 22.2 
05 35 33.56 -70 59 28.9 
05 35 34.23 -70 05 58.3 
05 35 34.89 -70 05 25.2 
05 35 35.01 -69 34 30.1 
05 35 35.93 -71 06 39.1 
05 35 39.67 -70 14 24.9 
05 35 42.15 -70 14 30.7 
05 35 42.35 -70 40 03.5 
05 35 44.20 -70 10 20.4 
05 35 44.59 -71 11 32.5 
05 35 48.91 -69 56 39.3 
05 35 51.83 -70 04 01.9 
05 35 52.18 -70 11 31.8 
05 35 53.87 -68 39 34.0 
05 35 55.63 -68 59 36.2 
05 35 55.66 -70 12 11.5 
05 35 57.61 -70 08 22.8 
05 35 59.19 -70 04 25.2 
05 36 07.56 -71 00 36.0 
05 36 08.91 -69 50 05.7 
05 36 09.91 -70 09 24.1 
05 36 16.85 -70 30 56.1 
05 36 16.94 -69 54 15.3 
05 36 17.90 -71 14 42.3 
05 36 18.58 -70 00 41.7 
05 36 19.40 -70 13 24.3 
05 36 19.92 -70 21 27.6 
05 36 21.51 -70 06 37.9 
05 36 22.98 -68 49 01.0 
05 36 23.07 -70 04 07.4 
05 36 26.16 -70 10 10.0 
05 36 27.12 -69 40 47.2 
05 36 28.30 -70 22 05.0 
05 36 28.52 -69 40 25.5 
05 36 30.15 -69 57 51.1 
05 36 34.27 -70 05 20.4 
05 36 35.03 -70 15 41.2 
05 36 35.92 -70 09 14.1 
05 36 36.54 -70 09 06.3 
05 36 39.24 -70 16 03.6 
05 36 43.08 -70 10 30.8 
05 36 46.04 -70 57 30.7 
05 36 46.99 -70 09 37.4 
05 36 51.00 -70 09 52.5 
05 36 52.36 -70 15 21.5 
05 36 52.83 -70 12 07.8 
05 36 53.18 -71 08 08.2 
05 36 53.40 -70 09 43.2 
05 36 53.68 -70 06 24.3 
05 36 54.05 -70 08 59.4 
05 36 54.56 -70 09 29.8 
05 36 54.64 -69 56 26.6 
05 36 55.17 -70 09 44.7 
05 36 56.78 -70 09 40.2 
05 36 58.19 -70 39 51.5 
05 36 58.67 -71 05 33.6 
05 36 58.97 -70 16 14.7 
05 36 59.05 -71 18 01.2 
05 37 00.90 -70 08 01.4 
05 37 03.39 -70 04 33.8 
05 37 06.03 -69 56 36.0 
05 37 06.06 -70 39 08.7 
05 37 08.45 -70 27 12.1 
05 37 12.43 -70 22 23.3 
05 37 15.55 -70 10 52.4 
05 37 17.68 -68 40 16.4 
05 37 17.90 -70 17 42.6 
05 37 18.72 -71 06 45.5 
05 37 22.09 -68 16 49.0 
05 37 22.63 -70 12 16.2 
05 37 22.71 -70 23 43.8 
05 37 25.59 -70 07 59.0 
05 37 27.46 -71 33 07.7 
05 37 28.38 -69 11 42.6 
05 37 30.05 -70 13 57.6 
05 37 30.24 -70 22 34.5 
05 37 33.77 -70 23 07.3 
05 37 34.84 -69 05 30.4 
05 37 35.53 -70 14 09.0 
05 37 36.38 -70 08 51.3 
05 37 37.21 -70 20 47.1 
05 37 37.57 -70 25 52.2 
05 37 38.35 -70 29 51.9 
05 37 38.57 -70 14 09.3 
05 37 39.08 -70 14 16.7 
05 37 39.17 -70 06 30.9 
05 37 42.20 -69 58 50.4 
05 37 43.85 -69 35 11.0 
05 37 43.99 -69 59 06.9 
05 37 47.63 -70 13 48.9 
05 37 47.90 -70 50 07.2 
05 37 48.09 -70 13 56.6 
05 37 49.79 -70 10 17.0 
05 37 52.98 -70 01 55.3 
05 37 53.22 -69 12 28.0 
05 37 54.51 -70 23 49.1 
05 38 03.67 -70 31 31.8 
05 38 04.85 -70 27 34.1 
05 38 07.66 -69 56 22.7 
05 38 07.76 -69 09 06.5 
05 38 09.47 -69 43 36.8 
05 38 09.68 -70 22 40.9 
05 38 10.77 -71 24 25.2 
05 38 13.61 -70 17 22.7 
05 38 16.67 -69 43 12.4 
05 38 16.70 -70 34 56.9 
05 38 17.11 -70 26 21.3 
05 38 18.88 -68 05 05.5 
05 38 19.64 -69 09 19.3 
05 38 24.55 -70 14 04.9 
05 38 29.96 -70 05 26.3 
05 38 30.12 -70 07 56.0 
05 38 31.23 -68 03 44.0 
05 38 31.44 -70 27 52.6 
05 38 33.13 -70 39 07.2 
05 38 34.98 -68 18 03.9 
05 38 35.77 -70 36 29.3 
05 38 36.72 -70 27 16.6 
05 38 37.78 -70 38 08.7 
05 38 40.44 -70 21 18.0 
05 38 42.38 -70 33 26.5 
05 38 43.03 -70 21 29.5 
05 38 43.39 -70 38 45.5 
05 38 44.60 -70 11 23.7 
05 38 45.76 -69 50 33.5 
05 38 49.63 -70 01 10.1 
05 38 51.30 -70 20 12.6 
05 38 54.14 -69 42 51.9 
05 38 55.17 -70 46 21.3 
05 38 56.03 -70 08 32.9 
05 38 56.25 -70 23 02.0 
05 38 57.20 -70 11 14.5 
05 38 58.83 -70 23 56.5 
05 39 04.91 -70 13 49.3 
05 39 05.89 -69 07 34.9 
05 39 06.88 -70 07 42.2 
05 39 08.06 -70 20 16.6 
05 39 12.62 -70 32 56.5 
05 39 15.48 -70 18 48.3 
05 39 16.85 -70 09 15.5 
05 39 16.91 -70 53 49.9 
05 39 17.80 -70 34 25.4 
05 39 20.95 -70 28 54.1 
05 39 22.58 -71 45 38.5 
05 39 23.38 -71 00 45.7 
05 39 25.92 -71 05 16.4 
05 39 26.58 -69 15 19.3 
05 39 32.36 -70 26 28.3 
05 39 33.00 -70 35 15.1 
05 39 33.20 -70 22 34.7 
05 39 34.37 -71 08 23.7 
05 39 34.73 -69 09 59.0 
05 39 35.03 -70 41 17.2 
05 39 38.34 -70 23 19.3 
05 39 38.76 -70 02 31.4 
05 39 42.10 -71 01 13.6 
05 39 43.54 -71 08 49.1 
05 39 44.33 -70 16 28.6 
05 39 44.89 -70 30 47.6 
05 39 46.21 -69 47 27.6 
05 39 47.26 -70 24 42.8 
05 39 47.34 -70 01 16.8 
05 39 47.60 -70 03 54.6 
05 39 50.16 -70 13 26.4 
05 39 51.26 -70 28 52.4 
05 39 52.65 -70 25 54.8 
05 39 52.85 -70 04 50.6 
05 39 54.96 -71 25 27.7 
05 39 58.20 -69 00 20.7 
05 39 59.07 -70 46 41.2 
05 40 00.74 -70 42 35.9 
05 40 01.85 -70 31 03.2 
05 40 01.85 -70 16 13.0 
05 40 03.32 -71 02 09.8 
05 40 04.80 -69 22 16.0 
05 40 06.31 -70 23 31.5 
05 40 08.16 -70 21 35.9 
05 40 08.64 -70 47 27.6 
05 40 11.92 -69 22 54.6 
05 40 12.82 -69 38 08.1 
05 40 15.55 -70 19 53.4 
05 40 18.29 -68 42 23.3 
05 40 23.62 -70 25 44.0 
05 40 24.73 -69 52 19.5 
05 40 26.40 -70 21 46.4 
05 40 26.67 -70 19 57.9 
05 40 31.78 -70 21 00.6 
05 40 31.79 -68 47 30.5 
05 40 32.32 -70 18 02.1 
05 40 32.50 -70 23 18.8 
05 40 33.03 -70 20 27.4 
05 40 33.40 -70 01 50.6 
05 40 34.26 -71 08 29.6 
05 40 34.42 -69 35 54.5 
05 40 35.19 -69 05 57.4 
05 40 39.61 -70 46 03.0 
05 40 39.75 -70 38 28.6 
05 40 40.69 -71 13 20.9 
05 40 42.95 -70 21 54.1 
05 40 43.06 -70 34 09.5 
05 40 43.74 -70 20 53.1 
05 40 43.83 -69 39 28.0 
05 40 44.88 -69 27 21.1 
05 40 45.92 -68 44 05.1 
05 40 47.03 -69 56 02.3 
05 40 51.94 -70 22 36.6 
05 40 52.51 -70 58 30.4 
05 40 54.47 -70 32 56.3 
05 40 59.36 -68 31 20.1 
05 41 01.37 -71 51 42.9 
05 41 05.30 -70 19 36.5 
05 41 06.46 -70 24 18.9 
05 41 08.95 -69 37 08.3 
05 41 09.10 -70 24 10.4 
05 41 11.13 -69 32 27.4 
05 41 11.72 -70 21 54.8 
05 41 14.05 -70 56 03.3 
05 41 17.93 -70 44 23.5 
05 41 18.93 -70 22 50.5 
05 41 20.71 -71 10 57.6 
05 41 21.83 -70 26 24.9 
05 41 23.59 -70 16 57.9 
05 41 24.30 -70 17 47.8 
05 41 26.44 -70 19 34.5 
05 41 27.00 -69 10 16.4 
05 41 27.36 -71 56 24.2 
05 41 29.29 -69 55 03.0 
05 41 31.56 -68 47 39.8 
05 41 34.60 -70 50 53.5 
05 41 35.19 -70 17 34.1 
05 41 35.29 -70 57 51.1 
05 41 45.74 -71 12 50.1 
05 41 46.44 -71 19 00.0 
05 41 50.42 -70 23 36.2 
05 41 50.62 -70 25 05.7 
05 41 51.40 -69 24 12.4 
05 41 52.32 -69 49 37.3 
05 41 53.53 -70 31 41.3 
05 41 56.08 -70 30 21.5 
05 41 57.10 -71 05 52.0 
05 41 57.56 -70 50 55.4 
05 42 04.98 -68 22 24.6 
05 42 06.20 -68 35 32.8 
05 42 07.91 -69 00 19.3 
05 42 09.15 -69 12 28.6 
05 42 10.71 -68 01 15.6 
05 42 11.93 -68 50 19.9 
05 42 15.50 -71 10 53.4 
05 42 17.25 -69 59 43.5 
05 42 21.53 -70 14 57.3 
05 42 30.83 -71 00 00.4 
05 42 31.47 -71 04 33.0 
05 42 32.58 -68 30 36.0 
05 42 38.92 -68 40 14.4 
05 42 43.49 -70 29 41.7 
05 42 44.11 -68 35 11.3 
05 42 44.15 -68 33 15.3 
05 42 46.87 -67 51 18.9 
05 42 49.52 -70 07 00.3 
05 42 49.69 -70 54 40.1 
05 42 49.92 -68 00 35.4 
05 42 49.97 -70 42 36.4 
05 42 52.85 -70 40 11.6 
05 42 55.26 -69 55 50.9 
05 42 56.12 -71 04 43.4 
05 43 00.92 -68 00 42.2 
05 43 02.79 -71 06 18.9 
05 43 05.97 -69 29 26.5 
05 43 09.10 -69 36 38.9 
05 43 10.49 -69 28 10.8 
05 43 13.41 -71 02 22.0 
05 43 13.90 -71 03 13.4 
05 43 33.77 -70 30 45.3 
05 43 35.72 -69 07 47.0 
05 43 37.91 -70 34 12.7 
05 43 40.72 -70 08 08.7 
05 43 41.02 -71 15 12.3 
05 43 58.97 -70 24 59.2 
05 43 59.87 -70 31 18.2 
05 44 02.63 -68 49 14.8 
05 44 02.76 -68 10 07.3 
05 44 09.85 -69 12 30.7 
05 44 14.77 -69 51 39.9 
05 44 15.13 -70 33 21.8 
05 44 16.78 -69 51 52.4 
05 44 20.54 -72 01 32.6 
05 44 21.10 -68 32 57.8 
05 44 22.48 -70 43 35.4 
05 44 24.01 -71 05 37.2 
05 44 27.47 -69 31 33.2 
05 44 31.92 -70 47 47.3 
05 44 34.05 -70 59 32.5 
05 44 35.48 -68 36 16.2 
05 44 36.40 -70 39 05.3 
05 44 38.06 -71 00 06.1 
05 44 38.22 -70 37 36.4 
05 44 40.86 -69 41 45.2 
05 44 46.08 -70 03 06.3 
05 44 50.45 -70 22 29.6 
05 44 52.04 -68 38 46.2 
05 45 01.38 -70 29 13.6 
05 45 04.00 -70 27 02.3 
05 45 08.48 -69 39 01.2 
05 45 16.33 -70 46 35.2 
05 45 21.02 -68 18 10.2 
05 45 27.48 -70 25 24.5 
05 45 28.50 -70 27 01.1 
05 45 32.01 -67 46 56.6 
05 45 40.74 -70 31 50.2 
05 45 42.04 -70 25 03.1 
05 45 43.27 -69 29 14.5 
05 45 45.27 -67 54 34.3 
05 45 53.38 -69 11 49.1 
05 45 54.66 -70 35 44.1 
05 45 55.25 -70 54 23.6 
05 45 58.70 -69 29 58.4 
05 46 00.03 -70 47 07.7 
05 46 06.58 -70 11 48.9 
05 46 06.69 -70 06 02.4 
05 46 10.80 -71 00 06.0 
05 46 12.80 -70 16 00.5 
05 46 14.17 -69 04 23.0 
05 46 14.30 -70 41 18.9 
05 46 18.13 -71 09 19.5 
05 46 20.24 -68 14 47.6 
05 46 22.25 -69 55 20.1 
05 46 22.36 -69 01 40.8 
05 46 23.85 -71 43 58.1 
05 46 26.25 -68 37 44.1 
05 46 28.10 -70 38 10.4 
05 46 30.85 -70 55 24.9 
05 46 31.69 -67 46 45.6 
05 46 33.15 -68 25 49.0 
05 46 35.36 -69 49 40.2 
05 46 35.68 -69 07 04.3 
05 46 36.84 -70 44 00.7 
05 46 37.25 -70 42 05.5 
05 46 40.07 -69 45 42.8 
05 46 46.28 -70 30 46.2 
05 46 48.28 -69 11 50.8 
05 46 48.88 -70 09 44.7 
05 46 52.30 -70 46 44.6 
05 47 00.79 -70 46 19.8 
05 47 09.81 -69 27 20.5 
05 47 15.69 -70 39 17.1 
05 47 24.53 -70 45 33.7 
05 47 25.01 -69 23 21.8 
05 47 25.18 -70 42 21.9 
05 47 28.94 -70 22 51.9 
05 47 28.99 -70 40 44.9 
05 47 29.82 -68 25 04.1 
05 47 32.77 -70 40 29.8 
05 47 34.59 -70 05 11.7 
05 47 34.70 -70 31 14.3 
05 47 35.22 -70 51 27.5 
05 47 36.37 -70 33 10.3 
05 47 45.73 -70 41 21.0 
05 47 46.55 -68 43 24.5 
05 47 53.63 -70 52 39.9 
05 48 03.18 -70 43 04.2 
05 48 03.32 -70 35 09.9 
05 48 07.43 -70 25 18.0 
05 48 12.78 -70 42 53.2 
05 48 14.86 -70 12 27.5 
05 48 18.16 -71 27 31.8 
05 48 18.91 -69 10 07.5 
05 48 23.89 -70 28 32.2 
05 48 32.20 -70 24 50.0 
05 48 32.47 -70 42 55.0 
05 48 36.52 -69 44 29.0 
05 48 39.88 -69 57 34.1 
05 48 51.05 -68 57 43.1 
05 48 51.18 -69 23 12.9 
05 48 52.08 -70 50 29.7 
05 48 52.84 -70 01 02.9 
05 49 07.74 -70 26 01.5 
05 49 13.56 -69 22 40.7 
05 49 26.88 -70 18 48.5 
05 49 33.29 -71 05 03.3 
05 49 49.63 -70 25 43.7 
05 49 51.20 -70 00 14.3 
05 49 53.09 -71 40 31.2 
05 50 05.84 -70 35 30.7 
05 50 13.87 -69 36 59.7 
05 50 22.73 -68 45 47.8 
05 50 36.54 -70 09 41.3 
05 50 39.01 -70 14 05.4 
05 50 42.16 -68 47 19.7 
05 50 42.85 -69 36 00.6 
05 50 55.86 -69 31 05.1 
05 50 57.05 -69 40 31.1 
05 51 00.39 -69 25 31.7 
05 51 05.23 -69 58 30.0 
05 51 21.81 -69 28 29.3 
05 51 51.52 -69 44 10.5 
05 51 52.66 -71 06 28.2 
05 51 58.83 -70 59 12.5 
05 52 32.50 -69 36 14.2 
05 52 56.20 -69 47 24.4 
05 52 57.27 -69 29 14.3 
05 52 57.47 -70 36 06.3 
05 53 01.20 -69 29 38.0 
05 53 07.87 -69 30 22.0 
05 53 08.77 -69 30 08.9 
05 53 32.12 -69 48 44.9 
05 53 35.41 -69 32 06.8 
05 53 39.88 -69 55 59.3 
05 54 09.12 -68 51 52.5 
05 54 12.44 -69 36 03.3 
05 54 14.01 -69 36 45.0 
05 54 27.38 -69 55 30.0 
05 54 33.02 -68 59 13.2 
05 54 41.90 -69 10 52.8 
05 55 20.66 -68 41 20.1 
05 55 53.04 -70 09 38.5 
05 56 12.46 -70 23 35.5 
05 57 24.43 -69 38 24.7 
05 57 33.13 -69 12 01.7 
05 57 46.87 -68 41 04.2 
05 58 06.14 -69 16 31.9 
05 58 30.04 -69 06 36.9 
05 58 39.03 -69 47 46.4 
05 58 44.33 -70 12 42.8 
05 58 52.51 -69 10 13.4 
05 59 21.09 -69 55 20.8 
06 00 23.91 -68 33 22.5 
06 01 59.96 -71 11 42.2 
06 02 24.35 -69 15 14.4 
06 04 42.54 -68 32 09.8 
06 06 33.38 -71 36 26.0 
06 08 08.05 -68 56 59.1 
06 10 41.63 -71 31 43.5 
06 11 34.36 -71 09 41.5 
