OGLE-LMC-CEP-0002 04 31 47.04 -69 49 09.6
OGLE-LMC-CEP-0005 04 35 31.52 -69 44 05.9
OGLE-LMC-CEP-0012 04 37 48.73 -67 12 51.9
OGLE-LMC-CEP-0017 04 38 56.83 -69 41 18.2
OGLE-LMC-CEP-0018 04 38 58.98 -68 57 24.8
OGLE-LMC-CEP-0021 04 39 30.96 -69 15 42.6
OGLE-LMC-CEP-0023 04 40 47.48 -68 59 08.3
OGLE-LMC-CEP-0025 04 40 54.37 -69 06 54.3
OGLE-LMC-CEP-0026 04 41 12.24 -68 47 59.1
OGLE-LMC-CEP-0027 04 41 19.49 -67 20 08.1
OGLE-LMC-CEP-0028 04 41 26.92 -69 37 54.4
OGLE-LMC-CEP-0033 04 41 57.93 -69 26 00.8
OGLE-LMC-CEP-0035 04 42 06.31 -67 58 11.5
OGLE-LMC-CEP-0037 04 42 14.88 -68 26 10.6
OGLE-LMC-CEP-0039 04 42 38.01 -68 30 59.3
OGLE-LMC-CEP-0040 04 42 47.26 -69 49 00.5
OGLE-LMC-CEP-0041 04 42 53.73 -67 25 59.8
OGLE-LMC-CEP-0042 04 43 01.61 -70 10 01.6
OGLE-LMC-CEP-0044 04 43 10.48 -67 14 00.9
OGLE-LMC-CEP-0045 04 43 10.74 -67 16 58.0
OGLE-LMC-CEP-0046 04 43 20.85 -69 13 47.9
OGLE-LMC-CEP-0048 04 43 31.45 -69 37 28.9
OGLE-LMC-CEP-0049 04 43 35.58 -70 41 46.5
OGLE-LMC-CEP-0050 04 43 40.32 -69 34 14.2
OGLE-LMC-CEP-0053 04 44 04.82 -69 50 29.1
OGLE-LMC-CEP-0055 04 44 34.06 -67 04 21.4
OGLE-LMC-CEP-0056 04 44 47.04 -70 13 51.0
OGLE-LMC-CEP-0058 04 44 53.34 -69 11 29.7
OGLE-LMC-CEP-0059 04 44 54.90 -68 38 21.7
OGLE-LMC-CEP-0060 04 44 59.58 -69 49 55.7
OGLE-LMC-CEP-0064 04 45 29.34 -69 08 49.4
OGLE-LMC-CEP-0067 04 45 34.63 -70 22 15.2
OGLE-LMC-CEP-0072 04 46 32.83 -68 44 57.6
OGLE-LMC-CEP-0075 04 46 39.11 -70 15 57.6
OGLE-LMC-CEP-0076 04 46 47.93 -69 05 43.1
OGLE-LMC-CEP-0078 04 47 00.97 -70 05 52.5
OGLE-LMC-CEP-0087 04 47 24.15 -69 43 19.1
OGLE-LMC-CEP-0089 04 47 31.09 -68 55 28.7
OGLE-LMC-CEP-0090 04 47 44.72 -70 12 07.3
OGLE-LMC-CEP-0091 04 47 46.15 -68 19 49.5
OGLE-LMC-CEP-0094 04 48 00.90 -69 19 14.8
OGLE-LMC-CEP-0095 04 48 01.97 -67 48 29.3
OGLE-LMC-CEP-0100 04 48 34.21 -70 10 16.3
OGLE-LMC-CEP-0101 04 48 34.24 -69 20 50.2
OGLE-LMC-CEP-0103 04 48 35.60 -67 35 00.0
OGLE-LMC-CEP-0104 04 48 45.64 -70 00 21.3
OGLE-LMC-CEP-0105 04 48 48.90 -66 44 02.1
OGLE-LMC-CEP-0106 04 48 50.62 -70 14 53.1
OGLE-LMC-CEP-0107 04 48 51.35 -69 21 22.8
OGLE-LMC-CEP-0108 04 48 56.11 -68 54 06.7
OGLE-LMC-CEP-0109 04 48 56.62 -68 57 12.6
OGLE-LMC-CEP-0111 04 49 04.16 -69 18 02.4
OGLE-LMC-CEP-0116 04 49 13.37 -70 08 59.9
OGLE-LMC-CEP-0122 04 49 21.02 -67 52 18.3
OGLE-LMC-CEP-0123 04 49 22.44 -69 09 01.8
OGLE-LMC-CEP-0126 04 49 34.00 -66 58 33.0
OGLE-LMC-CEP-0128 04 49 41.74 -70 37 38.0
OGLE-LMC-CEP-0130 04 49 44.13 -69 12 54.8
OGLE-LMC-CEP-0131 04 49 45.05 -68 52 48.0
OGLE-LMC-CEP-0132 04 49 45.65 -69 04 22.7
OGLE-LMC-CEP-0138 04 49 55.61 -68 54 54.4
OGLE-LMC-CEP-0139 04 49 57.13 -69 07 38.0
OGLE-LMC-CEP-0140 04 49 57.59 -67 41 37.6
OGLE-LMC-CEP-0142 04 49 59.70 -69 47 06.3
OGLE-LMC-CEP-0149 04 50 09.58 -69 39 39.7
OGLE-LMC-CEP-0151 04 50 14.34 -68 49 28.1
OGLE-LMC-CEP-0152 04 50 15.61 -68 59 52.9
OGLE-LMC-CEP-0154 04 50 17.80 -68 53 56.0
OGLE-LMC-CEP-0155 04 50 19.00 -69 43 02.2
OGLE-LMC-CEP-0158 04 50 23.41 -69 09 17.4
OGLE-LMC-CEP-0159 04 50 26.54 -70 33 27.5
OGLE-LMC-CEP-0160 04 50 27.60 -69 07 56.6
OGLE-LMC-CEP-0161 04 50 29.05 -68 06 53.8
OGLE-LMC-CEP-0162 04 50 30.83 -69 30 14.9
OGLE-LMC-CEP-0163 04 50 32.68 -68 12 49.6
OGLE-LMC-CEP-0164 04 50 35.98 -68 44 31.2
OGLE-LMC-CEP-0165 04 50 37.74 -69 10 25.9
OGLE-LMC-CEP-0166 04 50 38.03 -70 34 31.7
OGLE-LMC-CEP-0168 04 50 43.72 -69 31 44.7
OGLE-LMC-CEP-0169 04 50 48.65 -69 05 07.0
OGLE-LMC-CEP-0170 04 50 49.00 -69 07 04.8
OGLE-LMC-CEP-0171 04 50 50.55 -69 15 22.2
OGLE-LMC-CEP-0172 04 50 50.58 -69 05 28.3
OGLE-LMC-CEP-0173 04 50 51.45 -66 59 56.7
OGLE-LMC-CEP-0175 04 50 54.07 -69 31 41.6
OGLE-LMC-CEP-0176 04 50 55.69 -68 53 40.4
OGLE-LMC-CEP-0177 04 50 56.40 -69 12 50.9
OGLE-LMC-CEP-0179 04 51 01.39 -69 36 08.0
OGLE-LMC-CEP-0180 04 51 02.49 -69 54 49.4
OGLE-LMC-CEP-0181 04 51 04.91 -67 21 51.0
OGLE-LMC-CEP-0186 04 51 09.63 -69 08 23.1
OGLE-LMC-CEP-0188 04 51 12.68 -68 44 16.8
OGLE-LMC-CEP-0189 04 51 15.58 -69 05 17.3
OGLE-LMC-CEP-0191 04 51 17.96 -69 45 44.6
OGLE-LMC-CEP-0194 04 51 22.23 -70 35 31.7
OGLE-LMC-CEP-0196 04 51 24.14 -66 57 33.9
OGLE-LMC-CEP-0197 04 51 24.38 -68 36 46.2
OGLE-LMC-CEP-0198 04 51 25.94 -69 33 11.6
OGLE-LMC-CEP-0199 04 51 27.77 -69 29 22.1
OGLE-LMC-CEP-0201 04 51 31.78 -68 13 32.9
OGLE-LMC-CEP-0205 04 51 42.56 -69 36 30.6
OGLE-LMC-CEP-0206 04 51 45.34 -66 47 29.5
OGLE-LMC-CEP-0209 04 51 52.67 -69 05 48.9
OGLE-LMC-CEP-0210 04 51 55.36 -68 40 13.8
OGLE-LMC-CEP-0211 04 51 56.12 -69 20 36.7
OGLE-LMC-CEP-0213 04 52 00.78 -67 39 48.9
OGLE-LMC-CEP-0214 04 52 04.03 -68 25 18.3
OGLE-LMC-CEP-0215 04 52 05.56 -69 15 20.1
OGLE-LMC-CEP-0216 04 52 05.58 -69 23 26.8
OGLE-LMC-CEP-0217 04 52 06.15 -69 46 09.3
OGLE-LMC-CEP-0218 04 52 07.70 -69 36 50.9
OGLE-LMC-CEP-0222 04 52 13.34 -68 51 23.7
OGLE-LMC-CEP-0223 04 52 13.34 -69 52 02.0
OGLE-LMC-CEP-0224 04 52 13.93 -69 00 42.2
OGLE-LMC-CEP-0225 04 52 14.63 -66 35 32.3
OGLE-LMC-CEP-0226 04 52 15.36 -68 49 44.8
OGLE-LMC-CEP-0227 04 52 15.70 -70 14 31.3
OGLE-LMC-CEP-0229 04 52 19.44 -69 23 01.4
OGLE-LMC-CEP-0230 04 52 19.85 -69 05 29.1
OGLE-LMC-CEP-0235 04 52 26.64 -69 10 10.9
OGLE-LMC-CEP-0236 04 52 27.37 -69 30 54.8
OGLE-LMC-CEP-0237 04 52 27.78 -66 46 09.6
OGLE-LMC-CEP-0238 04 52 28.61 -68 57 39.3
OGLE-LMC-CEP-0239 04 52 31.98 -69 44 20.4
OGLE-LMC-CEP-0246 04 52 46.28 -67 38 03.4
OGLE-LMC-CEP-0250 04 52 48.10 -68 38 45.9
OGLE-LMC-CEP-0253 04 52 50.19 -69 04 19.7
OGLE-LMC-CEP-0254 04 52 50.36 -68 30 36.2
OGLE-LMC-CEP-0255 04 52 51.77 -66 58 05.6
OGLE-LMC-CEP-0257 04 52 52.87 -68 01 25.3
OGLE-LMC-CEP-0258 04 52 54.21 -69 16 35.1
OGLE-LMC-CEP-0262 04 52 57.56 -67 25 02.6
OGLE-LMC-CEP-0263 04 53 00.21 -68 59 58.6
OGLE-LMC-CEP-0264 04 53 00.51 -68 53 49.3
OGLE-LMC-CEP-0266 04 53 01.05 -68 32 25.2
OGLE-LMC-CEP-0267 04 53 02.91 -68 54 28.4
OGLE-LMC-CEP-0269 04 53 08.94 -70 08 16.2
OGLE-LMC-CEP-0270 04 53 09.26 -68 12 40.5
OGLE-LMC-CEP-0271 04 53 10.27 -70 13 08.9
OGLE-LMC-CEP-0272 04 53 10.79 -67 00 41.1
OGLE-LMC-CEP-0273 04 53 10.92 -67 36 21.1
OGLE-LMC-CEP-0274 04 53 11.29 -69 02 29.9
OGLE-LMC-CEP-0275 04 53 13.52 -69 39 08.4
OGLE-LMC-CEP-0276 04 53 15.21 -68 53 05.2
OGLE-LMC-CEP-0278 04 53 15.76 -68 57 16.3
OGLE-LMC-CEP-0279 04 53 16.84 -69 40 17.6
OGLE-LMC-CEP-0280 04 53 19.17 -66 56 00.5
OGLE-LMC-CEP-0281 04 53 21.87 -69 09 20.1
OGLE-LMC-CEP-0282 04 53 23.85 -68 32 21.1
OGLE-LMC-CEP-0285 04 53 28.59 -69 01 47.5
OGLE-LMC-CEP-0286 04 53 29.23 -66 57 14.4
OGLE-LMC-CEP-0289 04 53 31.77 -69 16 53.9
OGLE-LMC-CEP-0290 04 53 33.59 -67 22 07.7
OGLE-LMC-CEP-0291 04 53 33.76 -69 45 33.6
OGLE-LMC-CEP-0292 04 53 35.03 -66 38 55.0
OGLE-LMC-CEP-0293 04 53 36.42 -68 38 55.5
OGLE-LMC-CEP-0295 04 53 36.94 -68 21 52.5
OGLE-LMC-CEP-0296 04 53 38.15 -68 40 02.2
OGLE-LMC-CEP-0299 04 53 42.70 -70 23 10.9
OGLE-LMC-CEP-0301 04 53 45.65 -69 23 28.6
OGLE-LMC-CEP-0303 04 53 46.68 -68 32 18.0
OGLE-LMC-CEP-0304 04 53 46.91 -69 19 12.9
OGLE-LMC-CEP-0306 04 53 49.76 -69 34 05.7
OGLE-LMC-CEP-0308 04 54 01.13 -69 18 51.8
OGLE-LMC-CEP-0313 04 54 05.62 -68 55 31.2
OGLE-LMC-CEP-0316 04 54 12.93 -67 49 30.3
OGLE-LMC-CEP-0317 04 54 13.77 -68 02 05.4
OGLE-LMC-CEP-0319 04 54 14.75 -69 02 13.9
OGLE-LMC-CEP-0321 04 54 18.77 -68 50 41.7
OGLE-LMC-CEP-0322 04 54 20.95 -68 03 50.5
OGLE-LMC-CEP-0324 04 54 21.73 -69 13 42.3
OGLE-LMC-CEP-0325 04 54 21.73 -69 47 40.1
OGLE-LMC-CEP-0329 04 54 24.37 -70 55 24.2
OGLE-LMC-CEP-0331 04 54 28.10 -68 29 54.4
OGLE-LMC-CEP-0332 04 54 33.69 -70 19 36.3
OGLE-LMC-CEP-0333 04 54 36.49 -71 15 24.2
OGLE-LMC-CEP-0335 04 54 38.11 -68 04 21.1
OGLE-LMC-CEP-0337 04 54 38.74 -68 36 37.5
OGLE-LMC-CEP-0339 04 54 43.83 -70 50 04.1
OGLE-LMC-CEP-0340 04 54 44.43 -68 23 49.7
OGLE-LMC-CEP-0345 04 54 49.61 -69 14 29.9
OGLE-LMC-CEP-0346 04 54 50.14 -69 14 12.3
OGLE-LMC-CEP-0349 04 54 52.31 -69 14 40.2
OGLE-LMC-CEP-0350 04 54 52.53 -69 10 27.8
OGLE-LMC-CEP-0351 04 54 52.74 -69 14 02.1
OGLE-LMC-CEP-0352 04 54 54.05 -68 32 29.9
OGLE-LMC-CEP-0353 04 54 54.25 -67 13 36.1
OGLE-LMC-CEP-0354 04 54 54.58 -68 51 44.2
OGLE-LMC-CEP-0357 04 54 55.65 -68 56 25.1
OGLE-LMC-CEP-0359 04 55 00.48 -67 14 40.3
OGLE-LMC-CEP-0361 04 55 01.34 -70 10 48.2
OGLE-LMC-CEP-0362 04 55 01.44 -71 02 14.6
OGLE-LMC-CEP-0364 04 55 01.86 -68 45 21.4
OGLE-LMC-CEP-0365 04 55 02.14 -67 59 59.5
OGLE-LMC-CEP-0366 04 55 04.38 -69 46 22.8
OGLE-LMC-CEP-0369 04 55 06.64 -71 04 53.9
OGLE-LMC-CEP-0370 04 55 06.83 -69 04 29.8
OGLE-LMC-CEP-0373 04 55 11.64 -69 19 44.4
OGLE-LMC-CEP-0377 04 55 16.22 -68 12 19.1
OGLE-LMC-CEP-0378 04 55 17.05 -69 20 13.8
OGLE-LMC-CEP-0380 04 55 21.42 -68 39 59.5
OGLE-LMC-CEP-0382 04 55 22.41 -68 49 18.8
OGLE-LMC-CEP-0384 04 55 23.97 -68 32 37.0
OGLE-LMC-CEP-0385 04 55 25.49 -68 32 29.4
OGLE-LMC-CEP-0387 04 55 31.30 -68 53 00.6
OGLE-LMC-CEP-0390 04 55 34.05 -68 56 47.0
OGLE-LMC-CEP-0392 04 55 35.08 -68 41 23.4
OGLE-LMC-CEP-0394 04 55 41.46 -68 06 55.5
OGLE-LMC-CEP-0396 04 55 42.67 -71 13 06.0
OGLE-LMC-CEP-0398 04 55 45.04 -69 09 32.0
OGLE-LMC-CEP-0400 04 55 45.70 -68 55 23.0
OGLE-LMC-CEP-0401 04 55 46.09 -68 51 20.9
OGLE-LMC-CEP-0404 04 55 49.37 -69 20 58.9
OGLE-LMC-CEP-0406 04 55 51.52 -66 40 14.5
OGLE-LMC-CEP-0407 04 55 52.46 -68 49 16.0
OGLE-LMC-CEP-0408 04 55 52.84 -69 17 19.8
OGLE-LMC-CEP-0411 04 55 56.60 -68 24 33.5
OGLE-LMC-CEP-0414 04 55 58.90 -66 37 19.8
OGLE-LMC-CEP-0422 04 56 11.62 -70 56 06.0
OGLE-LMC-CEP-0423 04 56 12.58 -67 24 48.2
OGLE-LMC-CEP-0425 04 56 16.21 -68 40 55.3
OGLE-LMC-CEP-0428 04 56 20.99 -68 47 36.0
OGLE-LMC-CEP-0429 04 56 22.13 -70 22 53.3
OGLE-LMC-CEP-0430 04 56 22.69 -68 57 42.7
OGLE-LMC-CEP-0433 04 56 25.79 -67 53 17.0
OGLE-LMC-CEP-0436 04 56 29.66 -68 53 22.1
OGLE-LMC-CEP-0437 04 56 32.09 -66 54 18.4
OGLE-LMC-CEP-0438 04 56 33.48 -67 17 36.5
OGLE-LMC-CEP-0439 04 56 33.55 -70 09 20.8
OGLE-LMC-CEP-0440 04 56 34.28 -70 06 38.0
OGLE-LMC-CEP-0441 04 56 34.82 -69 57 55.8
OGLE-LMC-CEP-0442 04 56 36.97 -69 27 08.4
OGLE-LMC-CEP-0443 04 56 38.70 -69 18 02.9
OGLE-LMC-CEP-0445 04 56 40.08 -68 40 22.0
OGLE-LMC-CEP-0447 04 56 41.61 -68 48 39.4
OGLE-LMC-CEP-0450 04 56 43.48 -67 39 08.9
OGLE-LMC-CEP-0451 04 56 44.35 -66 52 56.8
OGLE-LMC-CEP-0457 04 56 53.54 -69 37 54.6
OGLE-LMC-CEP-0458 04 56 54.90 -70 25 49.4
OGLE-LMC-CEP-0459 04 57 01.50 -68 15 11.7
OGLE-LMC-CEP-0460 04 57 01.58 -67 29 28.9
OGLE-LMC-CEP-0462 04 57 04.64 -68 34 18.3
OGLE-LMC-CEP-0463 04 57 04.79 -67 07 35.7
OGLE-LMC-CEP-0465 04 57 09.23 -69 37 20.4
OGLE-LMC-CEP-0466 04 57 09.29 -68 53 34.3
OGLE-LMC-CEP-0473 04 57 19.54 -68 49 16.7
OGLE-LMC-CEP-0475 04 57 21.91 -67 51 17.4
OGLE-LMC-CEP-0478 04 57 25.13 -69 34 02.2
OGLE-LMC-CEP-0479 04 57 26.25 -66 43 24.9
OGLE-LMC-CEP-0480 04 57 27.24 -69 21 18.6
OGLE-LMC-CEP-0481 04 57 27.34 -68 36 04.6
OGLE-LMC-CEP-0482 04 57 28.72 -69 13 36.9
OGLE-LMC-CEP-0484 04 57 39.26 -69 39 19.6
OGLE-LMC-CEP-0486 04 57 40.86 -68 33 59.1
OGLE-LMC-CEP-0487 04 57 41.22 -69 24 19.7
OGLE-LMC-CEP-0488 04 57 41.23 -68 48 00.4
OGLE-LMC-CEP-0490 04 57 43.25 -66 48 07.6
OGLE-LMC-CEP-0491 04 57 43.54 -70 03 12.8
OGLE-LMC-CEP-0492 04 57 45.10 -70 36 05.8
OGLE-LMC-CEP-0494 04 57 45.74 -69 03 45.1
OGLE-LMC-CEP-0496 04 57 47.18 -68 23 25.7
OGLE-LMC-CEP-0498 04 57 49.24 -68 43 11.8
OGLE-LMC-CEP-0499 04 57 50.14 -68 59 22.5
OGLE-LMC-CEP-0502 04 57 51.21 -68 18 15.2
OGLE-LMC-CEP-0505 04 57 57.49 -70 32 42.2
OGLE-LMC-CEP-0508 04 58 01.64 -68 14 51.4
OGLE-LMC-CEP-0513 04 58 12.29 -68 14 38.0
OGLE-LMC-CEP-0514 04 58 12.88 -69 12 09.9
OGLE-LMC-CEP-0517 04 58 16.63 -70 37 47.2
OGLE-LMC-CEP-0518 04 58 18.51 -69 22 01.1
OGLE-LMC-CEP-0519 04 58 18.82 -69 07 01.5
OGLE-LMC-CEP-0520 04 58 22.85 -71 02 32.9
OGLE-LMC-CEP-0521 04 58 23.69 -67 53 57.4
OGLE-LMC-CEP-0522 04 58 26.55 -67 55 45.6
OGLE-LMC-CEP-0524 04 58 27.21 -70 34 53.0
OGLE-LMC-CEP-0526 04 58 28.81 -69 10 31.7
OGLE-LMC-CEP-0529 04 58 32.89 -69 02 27.2
OGLE-LMC-CEP-0530 04 58 33.07 -68 46 22.6
OGLE-LMC-CEP-0536 04 58 36.74 -70 55 52.2
OGLE-LMC-CEP-0537 04 58 36.87 -69 31 53.1
OGLE-LMC-CEP-0539 04 58 41.26 -68 51 54.7
OGLE-LMC-CEP-0540 04 58 41.45 -69 31 32.8
OGLE-LMC-CEP-0541 04 58 42.71 -67 57 55.6
OGLE-LMC-CEP-0542 04 58 43.04 -70 53 27.6
OGLE-LMC-CEP-0543 04 58 43.27 -68 43 49.4
OGLE-LMC-CEP-0544 04 58 44.72 -69 28 58.8
OGLE-LMC-CEP-0553 04 58 55.72 -69 15 59.5
OGLE-LMC-CEP-0554 04 58 58.50 -68 19 06.4
OGLE-LMC-CEP-0556 04 59 01.76 -69 02 36.5
OGLE-LMC-CEP-0557 04 59 02.96 -68 22 09.2
OGLE-LMC-CEP-0564 04 59 10.67 -70 10 14.3
OGLE-LMC-CEP-0565 04 59 11.46 -70 22 12.4
OGLE-LMC-CEP-0568 04 59 14.03 -70 15 53.4
OGLE-LMC-CEP-0571 04 59 17.48 -69 14 18.1
OGLE-LMC-CEP-0572 04 59 17.50 -68 33 17.6
OGLE-LMC-CEP-0575 04 59 20.85 -68 08 52.7
OGLE-LMC-CEP-0576 04 59 24.98 -69 25 38.9
OGLE-LMC-CEP-0580 04 59 28.82 -68 51 48.3
OGLE-LMC-CEP-0582 04 59 30.79 -68 08 55.5
OGLE-LMC-CEP-0584 04 59 32.75 -68 00 45.6
OGLE-LMC-CEP-0588 04 59 37.18 -68 08 47.9
OGLE-LMC-CEP-0589 04 59 39.40 -67 25 49.0
OGLE-LMC-CEP-0591 04 59 41.29 -67 44 17.0
OGLE-LMC-CEP-0592 04 59 42.06 -68 07 15.6
OGLE-LMC-CEP-0593 04 59 42.84 -68 16 45.4
OGLE-LMC-CEP-0594 04 59 45.08 -69 29 35.5
OGLE-LMC-CEP-0595 04 59 46.48 -69 11 40.5
OGLE-LMC-CEP-0596 04 59 49.42 -68 05 07.1
OGLE-LMC-CEP-0597 04 59 49.92 -69 20 44.2
OGLE-LMC-CEP-0599 04 59 52.86 -70 16 37.2
OGLE-LMC-CEP-0600 04 59 53.63 -68 24 31.4
OGLE-LMC-CEP-0601 04 59 54.63 -67 45 12.7
OGLE-LMC-CEP-0605 04 59 56.78 -68 01 09.8
OGLE-LMC-CEP-0606 04 59 57.06 -70 55 18.0
OGLE-LMC-CEP-0607 04 59 57.80 -67 18 18.9
OGLE-LMC-CEP-0610 05 00 03.47 -69 00 44.7
OGLE-LMC-CEP-0611 05 00 04.07 -67 58 06.3
OGLE-LMC-CEP-0613 05 00 05.15 -69 31 37.4
OGLE-LMC-CEP-0615 05 00 06.45 -67 43 06.3
OGLE-LMC-CEP-0621 05 00 11.07 -67 21 46.8
OGLE-LMC-CEP-0625 05 00 14.36 -68 54 32.4
OGLE-LMC-CEP-0626 05 00 16.09 -70 27 33.2
OGLE-LMC-CEP-0627 05 00 16.13 -67 49 14.7
OGLE-LMC-CEP-0628 05 00 19.16 -68 52 38.6
OGLE-LMC-CEP-0631 05 00 25.12 -68 46 14.2
OGLE-LMC-CEP-0632 05 00 26.30 -68 46 24.0
OGLE-LMC-CEP-0633 05 00 29.25 -69 15 24.0
OGLE-LMC-CEP-0637 05 00 33.83 -67 36 19.0
OGLE-LMC-CEP-0638 05 00 34.63 -66 59 06.8
OGLE-LMC-CEP-0639 05 00 37.54 -67 45 34.3
OGLE-LMC-CEP-0644 05 00 42.07 -68 41 49.6
OGLE-LMC-CEP-0645 05 00 43.43 -70 20 42.5
OGLE-LMC-CEP-0646 05 00 44.63 -68 57 15.7
OGLE-LMC-CEP-0647 05 00 46.12 -69 04 54.5
OGLE-LMC-CEP-0652 05 00 54.79 -69 34 47.5
OGLE-LMC-CEP-0657 05 00 56.72 -70 38 21.2
OGLE-LMC-CEP-0658 05 00 57.23 -70 08 32.6
OGLE-LMC-CEP-0660 05 00 57.56 -69 36 02.7
OGLE-LMC-CEP-0662 05 00 59.50 -69 25 19.6
OGLE-LMC-CEP-0663 05 00 59.99 -70 39 51.9
OGLE-LMC-CEP-0669 05 01 03.99 -70 51 07.6
OGLE-LMC-CEP-0671 05 01 05.14 -68 27 06.0
OGLE-LMC-CEP-0672 05 01 05.75 -70 49 38.0
OGLE-LMC-CEP-0673 05 01 06.47 -70 38 33.5
OGLE-LMC-CEP-0674 05 01 07.17 -70 21 56.6
OGLE-LMC-CEP-0681 05 01 19.95 -69 17 22.7
OGLE-LMC-CEP-0682 05 01 20.25 -67 28 01.3
OGLE-LMC-CEP-0685 05 01 26.60 -67 36 01.9
OGLE-LMC-CEP-0686 05 01 31.14 -67 47 18.1
OGLE-LMC-CEP-0687 05 01 31.73 -69 23 18.6
OGLE-LMC-CEP-0688 05 01 31.81 -70 40 59.6
OGLE-LMC-CEP-0690 05 01 32.40 -67 06 40.3
OGLE-LMC-CEP-0693 05 01 36.47 -68 59 48.7
OGLE-LMC-CEP-0697 05 01 41.53 -68 43 56.6
OGLE-LMC-CEP-0700 05 01 43.96 -70 42 32.0
OGLE-LMC-CEP-0701 05 01 44.53 -68 05 52.9
OGLE-LMC-CEP-0702 05 01 46.94 -68 41 40.1
OGLE-LMC-CEP-0707 05 01 50.79 -70 42 29.7
OGLE-LMC-CEP-0709 05 01 53.07 -69 13 52.3
OGLE-LMC-CEP-0711 05 01 54.38 -68 01 57.2
OGLE-LMC-CEP-0713 05 01 58.35 -70 29 14.6
OGLE-LMC-CEP-0715 05 01 59.32 -69 05 19.2
OGLE-LMC-CEP-0717 05 02 02.80 -68 43 35.6
OGLE-LMC-CEP-0718 05 02 02.83 -68 15 06.6
OGLE-LMC-CEP-0720 05 02 05.31 -67 31 35.5
OGLE-LMC-CEP-0721 05 02 05.88 -69 02 55.3
OGLE-LMC-CEP-0722 05 02 07.19 -66 52 30.2
OGLE-LMC-CEP-0723 05 02 07.93 -68 29 07.7
OGLE-LMC-CEP-0728 05 02 11.34 -70 20 04.8
OGLE-LMC-CEP-0729 05 02 12.49 -68 46 59.3
OGLE-LMC-CEP-0730 05 02 12.79 -70 30 35.3
OGLE-LMC-CEP-0731 05 02 15.66 -67 25 15.8
OGLE-LMC-CEP-0736 05 02 18.64 -67 31 16.0
OGLE-LMC-CEP-0738 05 02 19.34 -68 06 48.1
OGLE-LMC-CEP-0739 05 02 19.82 -67 57 29.7
OGLE-LMC-CEP-0744 05 02 22.27 -68 52 21.9
OGLE-LMC-CEP-0745 05 02 23.27 -70 25 23.3
OGLE-LMC-CEP-0750 05 02 26.81 -67 09 18.5
OGLE-LMC-CEP-0752 05 02 27.94 -69 12 41.2
OGLE-LMC-CEP-0753 05 02 28.40 -70 31 17.9
OGLE-LMC-CEP-0754 05 02 29.67 -68 00 40.9
OGLE-LMC-CEP-0755 05 02 29.82 -68 19 31.9
OGLE-LMC-CEP-0757 05 02 31.04 -69 23 49.4
OGLE-LMC-CEP-0759 05 02 33.70 -69 18 49.8
OGLE-LMC-CEP-0761 05 02 36.51 -68 44 41.5
OGLE-LMC-CEP-0762 05 02 37.14 -66 44 59.4
OGLE-LMC-CEP-0765 05 02 46.49 -67 24 07.5
OGLE-LMC-CEP-0767 05 02 48.25 -67 14 23.9
OGLE-LMC-CEP-0768 05 02 50.26 -68 14 12.0
OGLE-LMC-CEP-0772 05 02 52.74 -68 50 35.1
OGLE-LMC-CEP-0773 05 02 53.84 -68 06 25.3
OGLE-LMC-CEP-0776 05 02 57.24 -68 41 43.2
OGLE-LMC-CEP-0777 05 02 59.75 -67 11 05.7
OGLE-LMC-CEP-0778 05 02 59.77 -69 17 12.3
OGLE-LMC-CEP-0779 05 03 00.69 -69 26 39.2
OGLE-LMC-CEP-0780 05 03 03.41 -66 43 39.5
OGLE-LMC-CEP-0783 05 03 06.22 -68 21 37.4
OGLE-LMC-CEP-0788 05 03 09.94 -67 34 42.3
OGLE-LMC-CEP-0790 05 03 11.33 -67 06 14.4
OGLE-LMC-CEP-0791 05 03 13.34 -68 16 47.0
OGLE-LMC-CEP-0793 05 03 14.96 -67 42 37.3
OGLE-LMC-CEP-0794 05 03 16.16 -70 28 58.9
OGLE-LMC-CEP-0796 05 03 22.18 -67 28 21.3
OGLE-LMC-CEP-0802 05 03 26.65 -67 52 42.9
OGLE-LMC-CEP-0804 05 03 29.48 -67 53 08.5
OGLE-LMC-CEP-0805 05 03 29.79 -68 03 14.0
OGLE-LMC-CEP-0806 05 03 30.61 -68 00 02.2
OGLE-LMC-CEP-0807 05 03 31.59 -67 09 08.1
OGLE-LMC-CEP-0808 05 03 32.45 -68 25 20.7
OGLE-LMC-CEP-0815 05 03 41.13 -67 10 07.7
OGLE-LMC-CEP-0818 05 03 46.02 -66 59 24.6
OGLE-LMC-CEP-0822 05 03 50.35 -70 34 05.6
OGLE-LMC-CEP-0823 05 03 50.66 -69 20 47.9
OGLE-LMC-CEP-0824 05 03 51.08 -67 25 04.2
OGLE-LMC-CEP-0825 05 03 51.26 -68 52 59.0
OGLE-LMC-CEP-0827 05 03 52.60 -68 18 57.1
OGLE-LMC-CEP-0828 05 03 53.54 -66 43 07.4
OGLE-LMC-CEP-0829 05 03 54.92 -69 49 26.4
OGLE-LMC-CEP-0830 05 03 56.19 -67 13 16.9
OGLE-LMC-CEP-0831 05 03 57.26 -68 50 24.2
OGLE-LMC-CEP-0833 05 04 00.07 -68 38 54.7
OGLE-LMC-CEP-0834 05 04 01.90 -70 27 37.6
OGLE-LMC-CEP-0835 05 04 02.39 -68 21 31.6
OGLE-LMC-CEP-0837 05 04 05.21 -69 04 51.0
OGLE-LMC-CEP-0838 05 04 07.79 -70 29 50.2
OGLE-LMC-CEP-0840 05 04 08.48 -67 35 56.9
OGLE-LMC-CEP-0842 05 04 11.63 -70 15 33.9
OGLE-LMC-CEP-0843 05 04 14.16 -69 06 11.4
OGLE-LMC-CEP-0845 05 04 16.19 -70 36 03.5
OGLE-LMC-CEP-0846 05 04 18.13 -68 33 59.9
OGLE-LMC-CEP-0850 05 04 24.06 -70 39 48.3
OGLE-LMC-CEP-0851 05 04 24.75 -67 34 47.5
OGLE-LMC-CEP-0852 05 04 24.77 -70 10 52.0
OGLE-LMC-CEP-0853 05 04 25.19 -69 07 38.5
OGLE-LMC-CEP-0854 05 04 26.61 -67 24 06.0
OGLE-LMC-CEP-0858 05 04 31.44 -69 13 50.7
OGLE-LMC-CEP-0860 05 04 31.60 -68 18 20.1
OGLE-LMC-CEP-0861 05 04 33.74 -69 35 13.9
OGLE-LMC-CEP-0862 05 04 34.79 -69 15 11.1
OGLE-LMC-CEP-0863 05 04 35.05 -68 52 36.3
OGLE-LMC-CEP-0866 05 04 41.02 -69 16 17.1
OGLE-LMC-CEP-0869 05 04 45.51 -67 23 13.6
OGLE-LMC-CEP-0871 05 04 47.65 -68 35 22.7
OGLE-LMC-CEP-0877 05 05 00.94 -67 37 27.8
OGLE-LMC-CEP-0878 05 05 02.76 -70 33 12.6
OGLE-LMC-CEP-0882 05 05 07.49 -70 08 22.6
OGLE-LMC-CEP-0884 05 05 08.90 -69 15 12.2
OGLE-LMC-CEP-0885 05 05 10.15 -68 09 50.4
OGLE-LMC-CEP-0886 05 05 14.50 -68 46 07.3
OGLE-LMC-CEP-0888 05 05 16.05 -68 43 24.5
OGLE-LMC-CEP-0889 05 05 17.09 -69 54 21.0
OGLE-LMC-CEP-0893 05 05 22.19 -68 24 07.5
OGLE-LMC-CEP-0896 05 05 24.61 -70 34 41.1
OGLE-LMC-CEP-0899 05 05 28.24 -69 21 50.9
OGLE-LMC-CEP-0904 05 05 30.65 -68 26 25.4
OGLE-LMC-CEP-0908 05 05 34.69 -69 20 29.1
OGLE-LMC-CEP-0915 05 05 41.97 -68 51 05.3
OGLE-LMC-CEP-0917 05 05 43.99 -68 59 51.3
OGLE-LMC-CEP-0919 05 05 45.86 -68 15 20.8
OGLE-LMC-CEP-0922 05 05 49.61 -67 13 11.5
OGLE-LMC-CEP-0926 05 05 52.37 -69 09 29.9
OGLE-LMC-CEP-0927 05 05 53.38 -68 07 08.1
OGLE-LMC-CEP-0930 05 05 55.01 -68 05 35.4
OGLE-LMC-CEP-0931 05 05 57.39 -68 26 17.9
OGLE-LMC-CEP-0933 05 05 59.19 -66 47 15.0
OGLE-LMC-CEP-0934 05 06 00.15 -70 27 22.4
OGLE-LMC-CEP-0936 05 06 01.13 -68 37 38.5
OGLE-LMC-CEP-0938 05 06 05.75 -68 41 52.1
OGLE-LMC-CEP-0939 05 06 05.98 -66 59 43.9
OGLE-LMC-CEP-0940 05 06 07.06 -70 26 08.8
OGLE-LMC-CEP-0941 05 06 07.13 -66 37 49.3
OGLE-LMC-CEP-0951 05 06 18.53 -66 38 44.7
OGLE-LMC-CEP-0952 05 06 19.60 -66 35 47.8
OGLE-LMC-CEP-0954 05 06 22.87 -67 58 33.5
OGLE-LMC-CEP-0957 05 06 30.94 -69 55 42.5
OGLE-LMC-CEP-0960 05 06 37.62 -66 43 08.8
OGLE-LMC-CEP-0961 05 06 39.12 -68 57 47.2
OGLE-LMC-CEP-0962 05 06 39.56 -70 43 22.5
OGLE-LMC-CEP-0963 05 06 39.89 -68 25 12.6
OGLE-LMC-CEP-0964 05 06 41.52 -67 13 56.2
OGLE-LMC-CEP-0967 05 06 50.39 -68 06 40.1
OGLE-LMC-CEP-0971 05 06 55.27 -68 38 14.2
OGLE-LMC-CEP-0972 05 06 55.63 -68 14 55.8
OGLE-LMC-CEP-0974 05 06 56.76 -66 42 40.3
OGLE-LMC-CEP-0976 05 06 58.63 -67 40 44.7
OGLE-LMC-CEP-0977 05 06 59.57 -69 18 20.4
OGLE-LMC-CEP-0984 05 07 04.35 -70 41 35.7
OGLE-LMC-CEP-0989 05 07 13.55 -70 34 00.3
OGLE-LMC-CEP-0990 05 07 14.94 -68 06 44.4
OGLE-LMC-CEP-0993 05 07 16.38 -70 47 06.4
OGLE-LMC-CEP-0994 05 07 17.64 -66 49 54.5
OGLE-LMC-CEP-0997 05 07 18.60 -66 34 52.7
OGLE-LMC-CEP-0998 05 07 19.41 -70 45 43.2
OGLE-LMC-CEP-1002 05 07 22.47 -70 44 25.9
OGLE-LMC-CEP-1003 05 07 22.63 -66 48 56.8
OGLE-LMC-CEP-1004 05 07 23.29 -68 38 30.8
OGLE-LMC-CEP-1006 05 07 24.43 -70 48 29.9
OGLE-LMC-CEP-1009 05 07 25.76 -68 28 36.7
OGLE-LMC-CEP-1010 05 07 25.88 -70 48 36.9
OGLE-LMC-CEP-1011 05 07 26.11 -68 53 20.0
OGLE-LMC-CEP-1012 05 07 26.31 -68 29 13.6
OGLE-LMC-CEP-1013 05 07 26.73 -66 36 58.5
OGLE-LMC-CEP-1015 05 07 27.05 -70 50 42.4
OGLE-LMC-CEP-1018 05 07 29.33 -66 57 58.3
OGLE-LMC-CEP-1019 05 07 29.63 -68 31 14.1
OGLE-LMC-CEP-1020 05 07 30.18 -69 12 55.0
OGLE-LMC-CEP-1022 05 07 33.19 -70 13 41.0
OGLE-LMC-CEP-1025 05 07 35.96 -70 17 18.7
OGLE-LMC-CEP-1029 05 07 38.53 -70 48 26.0
OGLE-LMC-CEP-1030 05 07 40.90 -70 17 50.4
OGLE-LMC-CEP-1035 05 07 56.39 -66 37 45.4
OGLE-LMC-CEP-1039 05 08 01.06 -67 01 17.1
OGLE-LMC-CEP-1044 05 08 05.66 -68 34 53.4
OGLE-LMC-CEP-1045 05 08 05.74 -70 22 52.2
OGLE-LMC-CEP-1047 05 08 07.27 -68 41 08.1
OGLE-LMC-CEP-1051 05 08 09.63 -69 15 47.3
OGLE-LMC-CEP-1052 05 08 09.85 -67 20 21.7
OGLE-LMC-CEP-1053 05 08 09.89 -68 10 37.8
OGLE-LMC-CEP-1056 05 08 12.53 -66 51 39.2
OGLE-LMC-CEP-1057 05 08 17.66 -70 11 28.5
OGLE-LMC-CEP-1061 05 08 20.13 -70 43 44.9
OGLE-LMC-CEP-1070 05 08 30.36 -69 07 42.6
OGLE-LMC-CEP-1071 05 08 30.61 -69 08 46.5
OGLE-LMC-CEP-1072 05 08 31.03 -68 12 31.9
OGLE-LMC-CEP-1073 05 08 33.50 -70 26 53.8
OGLE-LMC-CEP-1074 05 08 35.26 -68 48 59.5
OGLE-LMC-CEP-1076 05 08 38.46 -68 30 41.4
OGLE-LMC-CEP-1077 05 08 42.29 -67 13 48.3
OGLE-LMC-CEP-1078 05 08 43.12 -68 45 33.0
OGLE-LMC-CEP-1079 05 08 43.57 -69 08 26.4
OGLE-LMC-CEP-1081 05 08 44.72 -68 00 25.1
OGLE-LMC-CEP-1083 05 08 46.53 -68 10 31.6
OGLE-LMC-CEP-1085 05 08 47.38 -66 51 43.0
OGLE-LMC-CEP-1087 05 08 48.90 -69 39 14.0
OGLE-LMC-CEP-1092 05 08 54.19 -70 06 07.3
OGLE-LMC-CEP-1093 05 08 54.29 -69 14 33.7
OGLE-LMC-CEP-1094 05 08 54.93 -68 43 10.0
OGLE-LMC-CEP-1096 05 08 57.65 -68 50 59.2
OGLE-LMC-CEP-1107 05 09 12.35 -70 51 49.4
OGLE-LMC-CEP-1108 05 09 15.12 -69 09 02.5
OGLE-LMC-CEP-1110 05 09 17.79 -68 39 09.1
OGLE-LMC-CEP-1112 05 09 18.35 -68 17 58.4
OGLE-LMC-CEP-1114 05 09 20.33 -70 32 51.7
OGLE-LMC-CEP-1115 05 09 20.48 -68 51 05.3
OGLE-LMC-CEP-1116 05 09 21.21 -70 49 22.9
OGLE-LMC-CEP-1118 05 09 25.70 -69 19 07.6
OGLE-LMC-CEP-1122 05 09 27.44 -68 04 04.8
OGLE-LMC-CEP-1124 05 09 29.76 -68 58 15.5
OGLE-LMC-CEP-1127 05 09 33.80 -70 42 39.4
OGLE-LMC-CEP-1128 05 09 36.96 -68 02 43.6
OGLE-LMC-CEP-1129 05 09 37.53 -70 17 30.9
OGLE-LMC-CEP-1135 05 09 49.47 -69 17 08.1
OGLE-LMC-CEP-1136 05 09 50.14 -68 31 17.9
OGLE-LMC-CEP-1139 05 09 55.93 -68 49 12.9
OGLE-LMC-CEP-1140 05 09 56.34 -68 59 40.6
OGLE-LMC-CEP-1141 05 09 59.27 -69 08 40.6
OGLE-LMC-CEP-1142 05 10 00.53 -66 41 56.1
OGLE-LMC-CEP-1144 05 10 02.01 -69 27 18.8
OGLE-LMC-CEP-1145 05 10 02.96 -69 01 16.1
OGLE-LMC-CEP-1146 05 10 04.45 -68 53 29.6
OGLE-LMC-CEP-1149 05 10 12.02 -68 10 13.9
OGLE-LMC-CEP-1150 05 10 13.39 -66 35 00.7
OGLE-LMC-CEP-1156 05 10 22.45 -67 08 46.0
OGLE-LMC-CEP-1161 05 10 28.46 -69 53 16.5
OGLE-LMC-CEP-1165 05 10 34.51 -69 13 44.0
OGLE-LMC-CEP-1169 05 10 37.44 -69 15 06.9
OGLE-LMC-CEP-1170 05 10 37.86 -71 17 42.3
OGLE-LMC-CEP-1172 05 10 43.63 -70 28 51.5
OGLE-LMC-CEP-1173 05 10 45.20 -69 06 28.2
OGLE-LMC-CEP-1176 05 10 50.50 -70 12 17.4
OGLE-LMC-CEP-1181 05 11 00.31 -70 00 00.4
OGLE-LMC-CEP-1185 05 11 06.11 -69 06 19.5
OGLE-LMC-CEP-1186 05 11 10.04 -66 35 58.9
OGLE-LMC-CEP-1188 05 11 11.33 -69 12 29.9
OGLE-LMC-CEP-1190 05 11 13.99 -69 59 31.8
OGLE-LMC-CEP-1192 05 11 19.83 -68 33 07.3
OGLE-LMC-CEP-1194 05 11 23.56 -70 56 06.1
OGLE-LMC-CEP-1195 05 11 23.83 -71 18 43.2
OGLE-LMC-CEP-1198 05 11 30.79 -70 19 58.0
OGLE-LMC-CEP-1200 05 11 31.40 -68 35 29.1
OGLE-LMC-CEP-1208 05 11 41.78 -70 44 14.9
OGLE-LMC-CEP-1209 05 11 45.84 -69 48 01.8
OGLE-LMC-CEP-1210 05 11 46.50 -70 00 01.3
OGLE-LMC-CEP-1211 05 11 48.79 -68 46 22.9
OGLE-LMC-CEP-1212 05 11 50.23 -68 30 59.1
OGLE-LMC-CEP-1213 05 11 51.84 -68 06 44.6
OGLE-LMC-CEP-1214 05 11 53.26 -69 06 48.5
OGLE-LMC-CEP-1218 05 11 57.62 -67 46 37.6
OGLE-LMC-CEP-1219 05 11 58.00 -71 08 53.6
OGLE-LMC-CEP-1222 05 12 00.96 -71 02 26.0
OGLE-LMC-CEP-1223 05 12 01.95 -68 50 39.0
OGLE-LMC-CEP-1225 05 12 06.54 -69 13 06.4
OGLE-LMC-CEP-1226 05 12 06.62 -66 35 18.4
OGLE-LMC-CEP-1227 05 12 07.92 -68 52 02.5
OGLE-LMC-CEP-1232 05 12 16.06 -69 20 07.5
OGLE-LMC-CEP-1233 05 12 18.80 -68 52 45.1
OGLE-LMC-CEP-1234 05 12 20.59 -69 22 44.9
OGLE-LMC-CEP-1238 05 12 28.71 -68 33 54.4
OGLE-LMC-CEP-1240 05 12 34.76 -69 12 34.2
OGLE-LMC-CEP-1243 05 12 41.43 -66 59 19.5
OGLE-LMC-CEP-1244 05 12 42.20 -68 34 59.4
OGLE-LMC-CEP-1245 05 12 44.69 -70 34 35.1
OGLE-LMC-CEP-1246 05 12 45.55 -69 16 03.1
OGLE-LMC-CEP-1249 05 12 47.03 -69 06 08.9
OGLE-LMC-CEP-1250 05 12 48.15 -68 29 06.4
OGLE-LMC-CEP-1252 05 12 49.78 -69 00 50.3
OGLE-LMC-CEP-1253 05 12 56.23 -68 57 52.2
OGLE-LMC-CEP-1255 05 12 57.66 -69 02 03.8
OGLE-LMC-CEP-1256 05 13 00.27 -70 39 00.9
OGLE-LMC-CEP-1257 05 13 04.09 -68 46 17.8
OGLE-LMC-CEP-1260 05 13 07.86 -69 03 09.3
OGLE-LMC-CEP-1261 05 13 10.09 -70 26 45.0
OGLE-LMC-CEP-1262 05 13 10.34 -69 06 54.1
OGLE-LMC-CEP-1263 05 13 11.40 -71 13 28.6
OGLE-LMC-CEP-1265 05 13 12.60 -68 32 51.3
OGLE-LMC-CEP-1266 05 13 13.38 -70 18 42.2
OGLE-LMC-CEP-1268 05 13 18.02 -69 52 44.7
OGLE-LMC-CEP-1270 05 13 18.39 -67 22 21.4
OGLE-LMC-CEP-1271 05 13 20.80 -68 38 15.9
OGLE-LMC-CEP-1272 05 13 26.52 -70 04 55.8
OGLE-LMC-CEP-1276 05 13 33.67 -68 57 07.1
OGLE-LMC-CEP-1282 05 13 46.47 -69 08 47.7
OGLE-LMC-CEP-1284 05 13 49.26 -69 57 52.7
OGLE-LMC-CEP-1285 05 13 49.89 -69 12 02.4
OGLE-LMC-CEP-1286 05 13 50.41 -70 26 04.1
OGLE-LMC-CEP-1287 05 13 50.43 -69 05 01.3
OGLE-LMC-CEP-1288 05 13 52.79 -69 34 48.8
OGLE-LMC-CEP-1292 05 13 56.40 -69 00 55.7
OGLE-LMC-CEP-1293 05 13 56.42 -67 09 22.9
OGLE-LMC-CEP-1297 05 14 01.19 -67 40 52.3
OGLE-LMC-CEP-1298 05 14 01.82 -69 19 50.8
OGLE-LMC-CEP-1299 05 14 03.21 -66 53 26.8
OGLE-LMC-CEP-1301 05 14 06.30 -69 04 26.1
OGLE-LMC-CEP-1302 05 14 07.50 -69 01 13.0
OGLE-LMC-CEP-1304 05 14 10.91 -68 54 31.5
OGLE-LMC-CEP-1307 05 14 12.75 -70 13 38.6
OGLE-LMC-CEP-1308 05 14 14.93 -69 02 19.6
OGLE-LMC-CEP-1313 05 14 19.38 -69 29 24.2
OGLE-LMC-CEP-1317 05 14 29.08 -69 42 23.9
OGLE-LMC-CEP-1318 05 14 29.56 -68 54 35.4
OGLE-LMC-CEP-1320 05 14 36.51 -69 07 29.1
OGLE-LMC-CEP-1321 05 14 37.51 -70 46 09.2
OGLE-LMC-CEP-1322 05 14 38.96 -69 30 27.8
OGLE-LMC-CEP-1323 05 14 40.20 -70 08 11.2
OGLE-LMC-CEP-1324 05 14 40.30 -68 54 33.3
OGLE-LMC-CEP-1327 05 14 41.57 -70 42 32.0
OGLE-LMC-CEP-1330 05 14 45.88 -69 19 58.2
OGLE-LMC-CEP-1331 05 14 46.13 -69 20 31.8
OGLE-LMC-CEP-1332 05 14 48.93 -68 56 01.8
OGLE-LMC-CEP-1335 05 14 52.17 -68 49 04.0
OGLE-LMC-CEP-1338 05 14 57.03 -68 56 38.8
OGLE-LMC-CEP-1339 05 15 00.98 -66 37 40.4
OGLE-LMC-CEP-1341 05 15 02.40 -69 07 42.9
OGLE-LMC-CEP-1342 05 15 03.22 -69 25 24.9
OGLE-LMC-CEP-1344 05 15 04.61 -70 07 09.9
OGLE-LMC-CEP-1353 05 15 10.42 -69 22 58.0
OGLE-LMC-CEP-1354 05 15 10.82 -69 32 22.8
OGLE-LMC-CEP-1356 05 15 11.45 -69 15 07.6
OGLE-LMC-CEP-1357 05 15 13.60 -68 52 50.1
OGLE-LMC-CEP-1360 05 15 15.87 -71 37 22.7
OGLE-LMC-CEP-1361 05 15 16.87 -69 08 09.0
OGLE-LMC-CEP-1362 05 15 17.02 -70 41 34.3
OGLE-LMC-CEP-1364 05 15 18.78 -69 13 32.0
OGLE-LMC-CEP-1365 05 15 19.94 -69 26 24.0
OGLE-LMC-CEP-1366 05 15 20.37 -71 40 23.6
OGLE-LMC-CEP-1367 05 15 20.44 -69 24 42.7
OGLE-LMC-CEP-1369 05 15 21.42 -69 05 01.1
OGLE-LMC-CEP-1370 05 15 21.69 -71 02 32.2
OGLE-LMC-CEP-1372 05 15 24.16 -70 10 51.8
OGLE-LMC-CEP-1373 05 15 24.70 -69 06 20.2
OGLE-LMC-CEP-1374 05 15 25.73 -69 20 27.3
OGLE-LMC-CEP-1375 05 15 26.16 -68 43 02.3
OGLE-LMC-CEP-1377 05 15 28.23 -69 13 57.8
OGLE-LMC-CEP-1379 05 15 28.94 -70 00 55.3
OGLE-LMC-CEP-1382 05 15 34.00 -70 17 08.7
OGLE-LMC-CEP-1383 05 15 34.57 -66 38 48.2
OGLE-LMC-CEP-1387 05 15 37.26 -69 08 16.4
OGLE-LMC-CEP-1388 05 15 37.43 -69 30 29.2
OGLE-LMC-CEP-1389 05 15 38.37 -69 15 19.8
OGLE-LMC-CEP-1393 05 15 43.03 -67 30 41.0
OGLE-LMC-CEP-1394 05 15 43.67 -69 02 55.5
OGLE-LMC-CEP-1396 05 15 45.48 -69 22 02.9
OGLE-LMC-CEP-1397 05 15 45.98 -69 14 30.2
OGLE-LMC-CEP-1398 05 15 48.01 -69 55 03.4
OGLE-LMC-CEP-1401 05 15 49.84 -69 30 28.6
OGLE-LMC-CEP-1403 05 15 51.65 -68 40 44.0
OGLE-LMC-CEP-1404 05 15 52.43 -69 28 16.0
OGLE-LMC-CEP-1407 05 15 57.00 -69 21 46.4
OGLE-LMC-CEP-1409 05 15 57.24 -66 57 29.5
OGLE-LMC-CEP-1411 05 15 58.04 -69 42 43.5
OGLE-LMC-CEP-1413 05 15 58.24 -68 58 13.0
OGLE-LMC-CEP-1415 05 15 59.87 -69 47 35.8
OGLE-LMC-CEP-1416 05 15 59.90 -69 04 29.7
OGLE-LMC-CEP-1417 05 16 00.22 -69 32 17.4
OGLE-LMC-CEP-1418 05 16 00.44 -68 57 07.1
OGLE-LMC-CEP-1419 05 16 00.63 -70 07 50.4
OGLE-LMC-CEP-1420 05 16 00.76 -71 31 08.6
OGLE-LMC-CEP-1421 05 16 00.95 -71 39 52.2
OGLE-LMC-CEP-1424 05 16 03.84 -69 14 52.4
OGLE-LMC-CEP-1426 05 16 04.55 -68 59 50.4
OGLE-LMC-CEP-1427 05 16 06.56 -69 28 25.3
OGLE-LMC-CEP-1430 05 16 08.02 -69 01 51.9
OGLE-LMC-CEP-1433 05 16 10.94 -70 17 36.0
OGLE-LMC-CEP-1436 05 16 11.80 -69 15 25.9
OGLE-LMC-CEP-1438 05 16 15.57 -68 28 30.3
OGLE-LMC-CEP-1439 05 16 15.75 -68 57 42.8
OGLE-LMC-CEP-1440 05 16 16.65 -70 10 07.1
OGLE-LMC-CEP-1442 05 16 19.62 -69 18 20.2
OGLE-LMC-CEP-1444 05 16 24.85 -70 33 09.7
OGLE-LMC-CEP-1445 05 16 25.33 -68 49 51.1
OGLE-LMC-CEP-1453 05 16 36.33 -70 39 49.5
OGLE-LMC-CEP-1457 05 16 41.31 -71 36 27.1
OGLE-LMC-CEP-1461 05 16 52.66 -69 22 03.9
OGLE-LMC-CEP-1462 05 16 52.71 -69 01 56.5
OGLE-LMC-CEP-1463 05 16 54.89 -69 19 50.4
OGLE-LMC-CEP-1465 05 16 56.41 -69 39 19.8
OGLE-LMC-CEP-1466 05 16 58.66 -69 23 38.0
OGLE-LMC-CEP-1468 05 16 59.85 -69 20 06.0
OGLE-LMC-CEP-1469 05 17 01.14 -69 30 35.8
OGLE-LMC-CEP-1470 05 17 01.46 -69 15 14.4
OGLE-LMC-CEP-1476 05 17 07.49 -69 13 36.9
OGLE-LMC-CEP-1478 05 17 09.62 -69 13 13.9
OGLE-LMC-CEP-1484 05 17 18.05 -69 32 59.7
OGLE-LMC-CEP-1488 05 17 23.32 -69 11 03.2
OGLE-LMC-CEP-1490 05 17 24.74 -69 20 57.6
OGLE-LMC-CEP-1493 05 17 30.73 -69 12 02.3
OGLE-LMC-CEP-1494 05 17 31.77 -69 25 11.4
OGLE-LMC-CEP-1496 05 17 35.29 -69 09 17.5
OGLE-LMC-CEP-1497 05 17 35.69 -69 48 13.3
OGLE-LMC-CEP-1498 05 17 35.70 -69 16 01.2
OGLE-LMC-CEP-1499 05 17 38.42 -69 45 19.3
OGLE-LMC-CEP-1502 05 17 41.16 -69 41 25.9
OGLE-LMC-CEP-1503 05 17 41.63 -69 21 31.4
OGLE-LMC-CEP-1507 05 17 49.25 -70 26 38.3
OGLE-LMC-CEP-1508 05 17 49.95 -69 28 29.3
OGLE-LMC-CEP-1510 05 17 54.21 -70 55 16.9
OGLE-LMC-CEP-1512 05 17 54.97 -69 34 55.1
OGLE-LMC-CEP-1513 05 17 55.26 -69 45 46.3
OGLE-LMC-CEP-1514 05 17 56.32 -69 47 21.2
OGLE-LMC-CEP-1515 05 17 56.44 -69 34 53.0
OGLE-LMC-CEP-1517 05 17 56.51 -69 38 53.4
OGLE-LMC-CEP-1520 05 17 59.66 -69 16 02.5
OGLE-LMC-CEP-1523 05 18 01.42 -71 09 11.1
OGLE-LMC-CEP-1524 05 18 02.38 -70 45 34.1
OGLE-LMC-CEP-1525 05 18 03.52 -69 15 13.9
OGLE-LMC-CEP-1526 05 18 03.79 -69 25 35.9
OGLE-LMC-CEP-1528 05 18 06.55 -69 39 00.4
OGLE-LMC-CEP-1529 05 18 06.98 -69 56 46.1
OGLE-LMC-CEP-1530 05 18 07.16 -69 49 44.8
OGLE-LMC-CEP-1531 05 18 08.24 -71 31 30.7
OGLE-LMC-CEP-1532 05 18 08.63 -69 45 22.9
OGLE-LMC-CEP-1543 05 18 28.08 -69 27 46.0
OGLE-LMC-CEP-1544 05 18 28.98 -69 34 01.5
OGLE-LMC-CEP-1545 05 18 29.58 -69 48 41.1
OGLE-LMC-CEP-1550 05 18 38.90 -69 35 16.5
OGLE-LMC-CEP-1552 05 18 41.00 -69 25 16.3
OGLE-LMC-CEP-1553 05 18 41.88 -69 38 23.0
OGLE-LMC-CEP-1556 05 18 45.42 -70 27 39.3
OGLE-LMC-CEP-1558 05 18 49.14 -69 21 29.2
OGLE-LMC-CEP-1559 05 18 50.25 -69 16 36.2
OGLE-LMC-CEP-1560 05 18 51.07 -69 39 12.9
OGLE-LMC-CEP-1563 05 18 55.99 -69 26 27.6
OGLE-LMC-CEP-1565 05 18 56.38 -69 34 02.6
OGLE-LMC-CEP-1566 05 18 58.21 -69 16 46.2
OGLE-LMC-CEP-1567 05 18 58.78 -69 06 32.5
OGLE-LMC-CEP-1568 05 19 00.51 -69 11 30.3
OGLE-LMC-CEP-1570 05 19 02.09 -69 21 17.7
OGLE-LMC-CEP-1572 05 19 02.56 -69 40 10.1
OGLE-LMC-CEP-1573 05 19 07.32 -69 22 56.4
OGLE-LMC-CEP-1577 05 19 12.44 -69 55 54.0
OGLE-LMC-CEP-1579 05 19 15.34 -69 41 28.4
OGLE-LMC-CEP-1580 05 19 15.82 -69 14 45.7
OGLE-LMC-CEP-1581 05 19 17.20 -69 30 25.2
OGLE-LMC-CEP-1583 05 19 23.19 -69 06 16.6
OGLE-LMC-CEP-1584 05 19 23.27 -69 09 54.1
OGLE-LMC-CEP-1588 05 19 28.00 -69 11 31.3
OGLE-LMC-CEP-1589 05 19 28.40 -70 57 50.1
OGLE-LMC-CEP-1590 05 19 30.34 -68 57 36.9
OGLE-LMC-CEP-1594 05 19 32.17 -69 04 47.1
OGLE-LMC-CEP-1597 05 19 33.04 -70 35 18.9
OGLE-LMC-CEP-1599 05 19 38.01 -69 37 44.5
OGLE-LMC-CEP-1600 05 19 38.13 -69 22 00.7
OGLE-LMC-CEP-1601 05 19 38.48 -68 30 56.6
OGLE-LMC-CEP-1603 05 19 40.35 -69 34 19.2
OGLE-LMC-CEP-1604 05 19 41.05 -69 23 49.8
OGLE-LMC-CEP-1607 05 19 46.74 -68 34 38.4
OGLE-LMC-CEP-1609 05 19 47.02 -69 12 29.2
OGLE-LMC-CEP-1610 05 19 47.90 -67 50 48.4
OGLE-LMC-CEP-1614 05 19 58.73 -69 19 15.3
OGLE-LMC-CEP-1615 05 19 58.90 -71 46 32.7
OGLE-LMC-CEP-1617 05 20 01.58 -70 51 06.6
OGLE-LMC-CEP-1620 05 20 04.51 -71 13 54.7
OGLE-LMC-CEP-1621 05 20 04.51 -69 16 50.8
OGLE-LMC-CEP-1627 05 20 10.39 -68 54 13.4
OGLE-LMC-CEP-1628 05 20 12.77 -68 44 33.1
OGLE-LMC-CEP-1629 05 20 14.06 -70 06 26.4
OGLE-LMC-CEP-1631 05 20 17.23 -69 30 11.2
OGLE-LMC-CEP-1633 05 20 18.53 -70 43 24.1
OGLE-LMC-CEP-1636 05 20 22.96 -70 02 33.0
OGLE-LMC-CEP-1639 05 20 26.35 -68 47 17.8
OGLE-LMC-CEP-1640 05 20 27.07 -71 54 23.6
OGLE-LMC-CEP-1642 05 20 28.72 -68 04 37.6
OGLE-LMC-CEP-1644 05 20 31.19 -69 32 13.9
OGLE-LMC-CEP-1645 05 20 35.84 -68 39 12.8
OGLE-LMC-CEP-1647 05 20 37.39 -69 30 56.6
OGLE-LMC-CEP-1649 05 20 40.82 -71 51 09.6
OGLE-LMC-CEP-1650 05 20 41.58 -69 07 34.8
OGLE-LMC-CEP-1652 05 20 42.36 -70 09 50.0
OGLE-LMC-CEP-1656 05 20 45.73 -69 50 15.7
OGLE-LMC-CEP-1658 05 20 46.77 -70 31 06.9
OGLE-LMC-CEP-1660 05 20 51.40 -68 52 00.8
OGLE-LMC-CEP-1667 05 20 55.97 -69 48 20.4
OGLE-LMC-CEP-1668 05 20 59.03 -69 46 31.8
OGLE-LMC-CEP-1670 05 21 04.17 -71 08 27.4
OGLE-LMC-CEP-1672 05 21 05.08 -69 40 35.8
OGLE-LMC-CEP-1674 05 21 08.26 -69 08 29.9
OGLE-LMC-CEP-1676 05 21 11.47 -68 57 41.8
OGLE-LMC-CEP-1678 05 21 15.02 -69 49 33.8
OGLE-LMC-CEP-1680 05 21 16.43 -70 11 25.2
OGLE-LMC-CEP-1682 05 21 17.37 -69 55 04.1
OGLE-LMC-CEP-1684 05 21 21.81 -70 02 48.7
OGLE-LMC-CEP-1686 05 21 22.53 -69 56 28.1
OGLE-LMC-CEP-1687 05 21 24.27 -71 35 25.5
OGLE-LMC-CEP-1688 05 21 24.42 -69 56 34.1
OGLE-LMC-CEP-1692 05 21 29.97 -69 55 11.9
OGLE-LMC-CEP-1697 05 21 37.20 -69 52 51.2
OGLE-LMC-CEP-1700 05 21 40.42 -70 02 01.2
OGLE-LMC-CEP-1702 05 21 42.13 -69 56 21.1
OGLE-LMC-CEP-1703 05 21 43.37 -68 34 15.0
OGLE-LMC-CEP-1707 05 21 48.26 -70 30 25.8
OGLE-LMC-CEP-1709 05 21 49.62 -70 05 45.9
OGLE-LMC-CEP-1711 05 21 50.32 -69 45 57.9
OGLE-LMC-CEP-1712 05 21 51.74 -70 46 00.2
OGLE-LMC-CEP-1713 05 21 51.90 -71 07 29.5
OGLE-LMC-CEP-1715 05 21 52.69 -69 36 22.2
OGLE-LMC-CEP-1716 05 21 54.49 -67 46 27.0
OGLE-LMC-CEP-1721 05 21 56.05 -69 19 06.5
OGLE-LMC-CEP-1724 05 21 59.70 -69 43 08.1
OGLE-LMC-CEP-1727 05 22 01.12 -68 51 32.3
OGLE-LMC-CEP-1728 05 22 01.96 -69 22 46.4
OGLE-LMC-CEP-1729 05 22 02.17 -69 53 40.9
OGLE-LMC-CEP-1730 05 22 03.51 -68 07 11.2
OGLE-LMC-CEP-1732 05 22 08.18 -69 55 36.5
OGLE-LMC-CEP-1735 05 22 10.55 -70 33 15.0
OGLE-LMC-CEP-1736 05 22 12.16 -69 53 35.3
OGLE-LMC-CEP-1737 05 22 12.25 -70 04 31.2
OGLE-LMC-CEP-1739 05 22 12.50 -69 31 06.3
OGLE-LMC-CEP-1743 05 22 14.69 -70 09 29.3
OGLE-LMC-CEP-1745 05 22 16.35 -68 52 25.2
OGLE-LMC-CEP-1746 05 22 16.79 -70 00 18.1
OGLE-LMC-CEP-1748 05 22 19.37 -69 37 54.7
OGLE-LMC-CEP-1749 05 22 20.92 -69 23 36.3
OGLE-LMC-CEP-1751 05 22 23.09 -68 38 10.0
OGLE-LMC-CEP-1753 05 22 25.61 -69 49 29.3
OGLE-LMC-CEP-1755 05 22 26.90 -70 05 14.1
OGLE-LMC-CEP-1756 05 22 27.32 -69 53 24.3
OGLE-LMC-CEP-1757 05 22 28.79 -70 09 23.0
OGLE-LMC-CEP-1758 05 22 28.91 -70 09 10.2
OGLE-LMC-CEP-1760 05 22 29.22 -70 09 16.9
OGLE-LMC-CEP-1761 05 22 29.39 -70 09 14.7
OGLE-LMC-CEP-1762 05 22 29.42 -70 10 22.3
OGLE-LMC-CEP-1764 05 22 29.92 -70 08 59.3
OGLE-LMC-CEP-1765 05 22 30.12 -70 09 13.8
OGLE-LMC-CEP-1767 05 22 30.23 -70 09 21.6
OGLE-LMC-CEP-1768 05 22 30.26 -70 09 17.3
OGLE-LMC-CEP-1773 05 22 34.83 -69 55 43.5
OGLE-LMC-CEP-1774 05 22 37.36 -71 53 54.5
OGLE-LMC-CEP-1776 05 22 39.17 -69 58 09.4
OGLE-LMC-CEP-1777 05 22 39.88 -71 18 24.1
OGLE-LMC-CEP-1778 05 22 40.18 -70 00 39.6
OGLE-LMC-CEP-1779 05 22 40.35 -69 30 30.5
OGLE-LMC-CEP-1780 05 22 40.62 -69 40 28.0
OGLE-LMC-CEP-1781 05 22 41.06 -69 58 43.1
OGLE-LMC-CEP-1782 05 22 41.76 -69 35 05.2
OGLE-LMC-CEP-1785 05 22 43.19 -70 23 04.8
OGLE-LMC-CEP-1786 05 22 43.68 -70 16 11.4
OGLE-LMC-CEP-1787 05 22 44.37 -70 09 39.2
OGLE-LMC-CEP-1788 05 22 44.62 -68 27 03.7
OGLE-LMC-CEP-1789 05 22 45.79 -67 54 38.3
OGLE-LMC-CEP-1790 05 22 48.02 -69 20 03.1
OGLE-LMC-CEP-1791 05 22 48.29 -69 42 45.5
OGLE-LMC-CEP-1792 05 22 49.46 -71 03 12.6
OGLE-LMC-CEP-1793 05 22 50.56 -69 53 20.1
OGLE-LMC-CEP-1794 05 22 51.89 -69 47 30.8
OGLE-LMC-CEP-1795 05 22 52.01 -70 07 47.2
OGLE-LMC-CEP-1796 05 22 52.85 -70 07 45.9
OGLE-LMC-CEP-1797 05 22 53.94 -69 18 58.2
OGLE-LMC-CEP-1798 05 22 56.27 -69 19 58.8
OGLE-LMC-CEP-1799 05 22 59.49 -70 33 24.2
OGLE-LMC-CEP-1800 05 23 00.60 -69 32 17.4
OGLE-LMC-CEP-1802 05 23 01.06 -69 44 59.4
OGLE-LMC-CEP-1804 05 23 01.62 -71 45 25.5
OGLE-LMC-CEP-1807 05 23 04.49 -70 31 13.8
OGLE-LMC-CEP-1808 05 23 04.72 -69 16 57.4
OGLE-LMC-CEP-1812 05 23 07.71 -69 33 49.9
OGLE-LMC-CEP-1813 05 23 09.03 -70 06 37.5
OGLE-LMC-CEP-1814 05 23 09.42 -69 58 08.6
OGLE-LMC-CEP-1819 05 23 11.74 -70 53 33.6
OGLE-LMC-CEP-1820 05 23 11.97 -70 58 35.3
OGLE-LMC-CEP-1824 05 23 14.06 -70 06 24.2
OGLE-LMC-CEP-1826 05 23 14.30 -70 03 13.0
OGLE-LMC-CEP-1827 05 23 15.86 -69 53 58.2
OGLE-LMC-CEP-1830 05 23 18.11 -70 14 05.0
OGLE-LMC-CEP-1831 05 23 19.31 -69 53 35.3
OGLE-LMC-CEP-1835 05 23 30.11 -71 48 16.0
OGLE-LMC-CEP-1840 05 23 35.07 -70 16 05.9
OGLE-LMC-CEP-1841 05 23 35.33 -69 27 37.9
OGLE-LMC-CEP-1842 05 23 37.91 -69 57 53.5
OGLE-LMC-CEP-1843 05 23 39.17 -70 00 14.2
OGLE-LMC-CEP-1844 05 23 45.63 -71 03 09.1
OGLE-LMC-CEP-1845 05 23 45.99 -70 18 28.7
OGLE-LMC-CEP-1846 05 23 47.56 -70 30 13.4
OGLE-LMC-CEP-1848 05 23 51.27 -69 13 55.4
OGLE-LMC-CEP-1849 05 23 52.20 -70 03 30.0
OGLE-LMC-CEP-1850 05 23 52.43 -69 06 42.9
OGLE-LMC-CEP-1851 05 23 53.57 -69 20 50.3
OGLE-LMC-CEP-1856 05 24 04.17 -69 58 20.0
OGLE-LMC-CEP-1857 05 24 06.43 -69 48 22.2
OGLE-LMC-CEP-1865 05 24 17.14 -70 12 07.5
OGLE-LMC-CEP-1866 05 24 18.99 -68 02 02.1
OGLE-LMC-CEP-1870 05 24 21.31 -69 48 30.6
OGLE-LMC-CEP-1871 05 24 21.94 -70 53 00.8
OGLE-LMC-CEP-1872 05 24 24.66 -69 42 30.3
OGLE-LMC-CEP-1873 05 24 25.07 -70 10 23.4
OGLE-LMC-CEP-1875 05 24 25.52 -69 46 19.1
OGLE-LMC-CEP-1876 05 24 26.60 -68 33 41.6
OGLE-LMC-CEP-1878 05 24 29.35 -70 09 58.4
OGLE-LMC-CEP-1880 05 24 30.11 -71 54 15.3
OGLE-LMC-CEP-1881 05 24 30.59 -69 12 34.1
OGLE-LMC-CEP-1883 05 24 33.08 -71 05 05.1
OGLE-LMC-CEP-1884 05 24 33.27 -69 36 40.2
OGLE-LMC-CEP-1887 05 24 33.94 -69 54 48.7
OGLE-LMC-CEP-1888 05 24 34.88 -69 44 19.8
OGLE-LMC-CEP-1889 05 24 34.94 -70 35 54.7
OGLE-LMC-CEP-1890 05 24 35.08 -71 21 20.1
OGLE-LMC-CEP-1891 05 24 35.23 -71 07 30.3
OGLE-LMC-CEP-1892 05 24 35.88 -68 57 22.7
OGLE-LMC-CEP-1893 05 24 36.31 -70 19 50.8
OGLE-LMC-CEP-1894 05 24 36.53 -68 35 48.2
OGLE-LMC-CEP-1895 05 24 37.20 -71 55 03.2
OGLE-LMC-CEP-1899 05 24 41.41 -69 43 31.9
OGLE-LMC-CEP-1900 05 24 42.02 -70 41 17.6
OGLE-LMC-CEP-1903 05 24 43.91 -69 30 26.8
OGLE-LMC-CEP-1904 05 24 45.26 -69 42 00.7
OGLE-LMC-CEP-1905 05 24 46.92 -70 17 45.5
OGLE-LMC-CEP-1907 05 24 52.69 -70 00 55.4
OGLE-LMC-CEP-1909 05 24 55.93 -69 43 52.6
OGLE-LMC-CEP-1910 05 24 57.03 -69 13 32.6
OGLE-LMC-CEP-1912 05 24 59.90 -68 12 02.1
OGLE-LMC-CEP-1914 05 25 04.14 -70 06 29.3
OGLE-LMC-CEP-1920 05 25 15.25 -69 50 59.7
OGLE-LMC-CEP-1921 05 25 17.14 -69 41 20.8
OGLE-LMC-CEP-1922 05 25 18.00 -69 49 37.6
OGLE-LMC-CEP-1924 05 25 19.29 -69 27 05.2
OGLE-LMC-CEP-1926 05 25 21.11 -69 50 17.5
OGLE-LMC-CEP-1927 05 25 21.40 -69 49 01.7
OGLE-LMC-CEP-1929 05 25 22.98 -69 00 56.2
OGLE-LMC-CEP-1930 05 25 23.42 -69 52 32.6
OGLE-LMC-CEP-1932 05 25 24.11 -69 44 57.4
OGLE-LMC-CEP-1933 05 25 25.82 -68 23 51.2
OGLE-LMC-CEP-1936 05 25 27.20 -69 49 29.4
OGLE-LMC-CEP-1938 05 25 28.42 -70 11 58.7
OGLE-LMC-CEP-1939 05 25 28.81 -69 54 44.5
OGLE-LMC-CEP-1940 05 25 28.95 -69 50 03.1
OGLE-LMC-CEP-1941 05 25 29.28 -69 55 12.6
OGLE-LMC-CEP-1942 05 25 30.26 -69 52 15.6
OGLE-LMC-CEP-1943 05 25 30.32 -69 50 13.3
OGLE-LMC-CEP-1945 05 25 31.44 -69 50 03.7
OGLE-LMC-CEP-1946 05 25 31.70 -71 22 16.9
OGLE-LMC-CEP-1947 05 25 32.52 -70 13 02.1
OGLE-LMC-CEP-1948 05 25 33.28 -69 29 44.4
OGLE-LMC-CEP-1950 05 25 34.97 -68 50 19.5
OGLE-LMC-CEP-1952 05 25 35.38 -71 08 06.5
OGLE-LMC-CEP-1956 05 25 40.61 -69 50 13.5
OGLE-LMC-CEP-1957 05 25 41.20 -69 50 52.6
OGLE-LMC-CEP-1959 05 25 43.04 -69 07 00.4
OGLE-LMC-CEP-1960 05 25 43.25 -71 39 15.4
OGLE-LMC-CEP-1964 05 25 45.42 -69 31 14.3
OGLE-LMC-CEP-1969 05 25 54.90 -69 54 51.3
OGLE-LMC-CEP-1970 05 25 55.33 -69 04 11.6
OGLE-LMC-CEP-1977 05 26 00.30 -70 36 48.9
OGLE-LMC-CEP-1983 05 26 06.24 -69 50 24.6
OGLE-LMC-CEP-1984 05 26 07.95 -69 51 31.7
OGLE-LMC-CEP-1985 05 26 11.96 -69 19 41.8
OGLE-LMC-CEP-1986 05 26 15.74 -69 42 04.4
OGLE-LMC-CEP-1988 05 26 18.04 -69 48 33.4
OGLE-LMC-CEP-1990 05 26 19.04 -69 48 08.7
OGLE-LMC-CEP-1993 05 26 20.95 -71 09 32.0
OGLE-LMC-CEP-1994 05 26 22.57 -69 36 07.4
OGLE-LMC-CEP-1995 05 26 23.41 -71 02 18.7
OGLE-LMC-CEP-1998 05 26 28.87 -69 51 20.1
OGLE-LMC-CEP-1999 05 26 29.02 -69 44 18.0
OGLE-LMC-CEP-2000 05 26 30.82 -70 58 26.1
OGLE-LMC-CEP-2001 05 26 31.77 -69 50 26.9
OGLE-LMC-CEP-2003 05 26 36.13 -69 49 18.3
OGLE-LMC-CEP-2004 05 26 38.06 -70 09 01.5
OGLE-LMC-CEP-2007 05 26 44.58 -69 48 04.6
OGLE-LMC-CEP-2008 05 26 44.67 -69 48 09.6
OGLE-LMC-CEP-2012 05 26 49.99 -69 45 52.8
OGLE-LMC-CEP-2013 05 26 52.27 -70 20 22.0
OGLE-LMC-CEP-2014 05 26 52.31 -70 08 28.6
OGLE-LMC-CEP-2015 05 26 53.56 -68 24 46.7
OGLE-LMC-CEP-2017 05 26 55.48 -70 01 04.0
OGLE-LMC-CEP-2018 05 26 55.82 -70 04 47.3
OGLE-LMC-CEP-2021 05 26 58.37 -70 15 48.9
OGLE-LMC-CEP-2022 05 26 59.46 -69 51 10.5
OGLE-LMC-CEP-2027 05 27 03.53 -70 01 34.0
OGLE-LMC-CEP-2028 05 27 04.98 -69 50 44.5
OGLE-LMC-CEP-2031 05 27 10.80 -70 14 03.0
OGLE-LMC-CEP-2036 05 27 15.03 -70 00 46.6
OGLE-LMC-CEP-2038 05 27 16.34 -71 02 04.0
OGLE-LMC-CEP-2039 05 27 17.15 -69 58 53.0
OGLE-LMC-CEP-2040 05 27 17.45 -69 44 25.7
OGLE-LMC-CEP-2042 05 27 21.27 -69 52 19.5
OGLE-LMC-CEP-2043 05 27 22.96 -69 50 58.0
OGLE-LMC-CEP-2044 05 27 27.16 -71 52 54.4
OGLE-LMC-CEP-2047 05 27 30.23 -70 10 46.4
OGLE-LMC-CEP-2050 05 27 33.99 -69 51 22.5
OGLE-LMC-CEP-2051 05 27 36.68 -69 53 42.9
OGLE-LMC-CEP-2052 05 27 36.96 -69 56 27.0
OGLE-LMC-CEP-2055 05 27 42.77 -68 36 31.5
OGLE-LMC-CEP-2057 05 27 43.48 -70 08 42.5
OGLE-LMC-CEP-2058 05 27 45.19 -71 10 06.5
OGLE-LMC-CEP-2060 05 27 47.08 -69 19 38.6
OGLE-LMC-CEP-2061 05 27 48.47 -68 22 56.9
OGLE-LMC-CEP-2064 05 27 53.27 -71 13 37.1
OGLE-LMC-CEP-2065 05 27 54.78 -71 51 54.2
OGLE-LMC-CEP-2066 05 27 55.00 -69 48 03.9
OGLE-LMC-CEP-2068 05 27 56.93 -68 25 19.2
OGLE-LMC-CEP-2069 05 27 57.71 -69 53 48.6
OGLE-LMC-CEP-2074 05 28 06.90 -71 23 40.2
OGLE-LMC-CEP-2075 05 28 08.72 -70 18 32.8
OGLE-LMC-CEP-2078 05 28 11.38 -71 22 43.3
OGLE-LMC-CEP-2079 05 28 19.67 -69 57 59.5
OGLE-LMC-CEP-2081 05 28 20.61 -70 51 43.8
OGLE-LMC-CEP-2084 05 28 22.70 -69 39 34.5
OGLE-LMC-CEP-2090 05 28 29.64 -69 52 36.6
OGLE-LMC-CEP-2091 05 28 30.25 -68 38 48.9
OGLE-LMC-CEP-2092 05 28 30.47 -70 20 37.4
OGLE-LMC-CEP-2093 05 28 31.39 -69 58 09.6
OGLE-LMC-CEP-2094 05 28 31.91 -69 50 54.1
OGLE-LMC-CEP-2096 05 28 33.16 -69 07 49.3
OGLE-LMC-CEP-2097 05 28 33.48 -69 35 46.1
OGLE-LMC-CEP-2099 05 28 35.10 -69 51 23.3
OGLE-LMC-CEP-2100 05 28 37.23 -69 41 01.2
OGLE-LMC-CEP-2101 05 28 37.40 -69 40 55.2
OGLE-LMC-CEP-2105 05 28 41.10 -69 06 08.0
OGLE-LMC-CEP-2106 05 28 43.55 -69 50 03.2
OGLE-LMC-CEP-2108 05 28 45.16 -70 22 15.0
OGLE-LMC-CEP-2109 05 28 45.46 -69 52 06.5
OGLE-LMC-CEP-2111 05 28 47.21 -71 53 16.7
OGLE-LMC-CEP-2112 05 28 51.43 -69 50 04.2
OGLE-LMC-CEP-2113 05 28 53.57 -70 04 09.8
OGLE-LMC-CEP-2115 05 28 54.52 -71 02 34.7
OGLE-LMC-CEP-2120 05 29 06.50 -69 10 34.3
OGLE-LMC-CEP-2121 05 29 08.26 -67 49 48.3
OGLE-LMC-CEP-2122 05 29 08.95 -69 24 13.2
OGLE-LMC-CEP-2127 05 29 14.59 -69 31 05.7
OGLE-LMC-CEP-2129 05 29 17.05 -69 00 22.0
OGLE-LMC-CEP-2132 05 29 21.42 -69 27 59.6
OGLE-LMC-CEP-2134 05 29 22.37 -68 50 38.6
OGLE-LMC-CEP-2136 05 29 25.59 -71 23 48.2
OGLE-LMC-CEP-2138 05 29 28.15 -71 09 23.9
OGLE-LMC-CEP-2140 05 29 28.24 -70 14 55.1
OGLE-LMC-CEP-2142 05 29 31.16 -71 08 36.8
OGLE-LMC-CEP-2145 05 29 33.25 -69 21 01.6
OGLE-LMC-CEP-2146 05 29 33.78 -70 00 32.8
OGLE-LMC-CEP-2148 05 29 35.74 -69 00 21.5
OGLE-LMC-CEP-2151 05 29 39.06 -71 40 40.1
OGLE-LMC-CEP-2152 05 29 41.86 -69 51 54.5
OGLE-LMC-CEP-2153 05 29 42.67 -70 18 50.5
OGLE-LMC-CEP-2156 05 29 48.12 -71 20 35.6
OGLE-LMC-CEP-2157 05 29 48.45 -69 49 50.7
OGLE-LMC-CEP-2159 05 29 52.20 -69 37 21.4
OGLE-LMC-CEP-2160 05 29 54.42 -71 06 03.4
OGLE-LMC-CEP-2162 05 29 58.67 -68 25 20.7
OGLE-LMC-CEP-2164 05 29 59.14 -71 03 38.6
OGLE-LMC-CEP-2165 05 30 00.42 -70 46 37.8
OGLE-LMC-CEP-2170 05 30 04.21 -69 56 46.2
OGLE-LMC-CEP-2171 05 30 04.67 -70 38 46.9
OGLE-LMC-CEP-2174 05 30 11.07 -71 46 05.4
OGLE-LMC-CEP-2177 05 30 13.60 -68 51 06.9
OGLE-LMC-CEP-2178 05 30 13.93 -70 03 49.3
OGLE-LMC-CEP-2180 05 30 14.51 -69 44 22.4
OGLE-LMC-CEP-2181 05 30 15.07 -71 16 58.8
OGLE-LMC-CEP-2184 05 30 21.11 -69 34 25.0
OGLE-LMC-CEP-2185 05 30 22.91 -70 38 24.2
OGLE-LMC-CEP-2186 05 30 23.50 -70 00 08.2
OGLE-LMC-CEP-2188 05 30 25.92 -70 48 49.4
OGLE-LMC-CEP-2191 05 30 27.79 -69 56 40.7
OGLE-LMC-CEP-2193 05 30 32.59 -70 45 50.9
OGLE-LMC-CEP-2194 05 30 33.43 -70 05 09.3
OGLE-LMC-CEP-2197 05 30 35.82 -70 49 13.6
OGLE-LMC-CEP-2198 05 30 37.54 -69 46 42.3
OGLE-LMC-CEP-2200 05 30 38.14 -69 58 06.2
OGLE-LMC-CEP-2202 05 30 39.18 -69 25 43.4
OGLE-LMC-CEP-2204 05 30 40.69 -69 45 09.0
OGLE-LMC-CEP-2205 05 30 41.80 -69 49 15.5
OGLE-LMC-CEP-2208 05 30 45.82 -70 16 17.7
OGLE-LMC-CEP-2209 05 30 45.85 -68 47 27.0
OGLE-LMC-CEP-2211 05 30 48.15 -71 11 32.0
OGLE-LMC-CEP-2212 05 30 48.24 -68 28 53.3
OGLE-LMC-CEP-2214 05 30 48.58 -70 10 29.4
OGLE-LMC-CEP-2215 05 30 48.71 -69 48 48.0
OGLE-LMC-CEP-2216 05 30 50.87 -71 17 03.3
OGLE-LMC-CEP-2218 05 30 52.80 -68 50 24.9
OGLE-LMC-CEP-2224 05 30 57.49 -71 49 01.1
OGLE-LMC-CEP-2225 05 30 58.33 -69 57 31.8
OGLE-LMC-CEP-2226 05 30 59.48 -69 35 31.2
OGLE-LMC-CEP-2228 05 30 59.97 -70 19 02.2
OGLE-LMC-CEP-2229 05 31 00.91 -69 45 32.4
OGLE-LMC-CEP-2230 05 31 01.03 -69 06 30.3
OGLE-LMC-CEP-2231 05 31 01.70 -69 06 21.5
OGLE-LMC-CEP-2232 05 31 02.41 -71 24 05.4
OGLE-LMC-CEP-2234 05 31 02.99 -69 32 07.2
OGLE-LMC-CEP-2236 05 31 04.22 -71 19 04.7
OGLE-LMC-CEP-2242 05 31 09.71 -70 59 49.8
OGLE-LMC-CEP-2243 05 31 10.77 -71 48 58.2
OGLE-LMC-CEP-2244 05 31 12.67 -70 04 27.3
OGLE-LMC-CEP-2246 05 31 15.73 -71 52 12.5
OGLE-LMC-CEP-2247 05 31 16.24 -70 19 19.4
OGLE-LMC-CEP-2249 05 31 17.49 -69 54 28.3
OGLE-LMC-CEP-2250 05 31 18.30 -69 36 26.4
OGLE-LMC-CEP-2252 05 31 21.08 -67 59 47.0
OGLE-LMC-CEP-2255 05 31 22.41 -69 53 23.0
OGLE-LMC-CEP-2256 05 31 23.21 -70 13 01.3
OGLE-LMC-CEP-2259 05 31 27.45 -71 10 05.4
OGLE-LMC-CEP-2262 05 31 35.29 -69 19 06.8
OGLE-LMC-CEP-2264 05 31 38.39 -69 56 53.7
OGLE-LMC-CEP-2265 05 31 38.78 -69 58 42.0
OGLE-LMC-CEP-2267 05 31 41.34 -69 57 12.3
OGLE-LMC-CEP-2268 05 31 42.61 -70 26 08.5
OGLE-LMC-CEP-2269 05 31 42.83 -70 28 07.1
OGLE-LMC-CEP-2270 05 31 43.44 -71 22 19.2
OGLE-LMC-CEP-2272 05 31 43.57 -71 08 29.4
OGLE-LMC-CEP-2273 05 31 44.28 -69 58 11.4
OGLE-LMC-CEP-2278 05 31 47.82 -71 30 28.9
OGLE-LMC-CEP-2279 05 31 48.14 -70 01 27.3
OGLE-LMC-CEP-2280 05 31 49.07 -70 08 54.3
OGLE-LMC-CEP-2281 05 31 50.44 -69 54 57.6
OGLE-LMC-CEP-2283 05 31 53.90 -70 19 13.9
OGLE-LMC-CEP-2284 05 31 55.25 -68 35 20.8
OGLE-LMC-CEP-2286 05 31 56.28 -69 14 34.0
OGLE-LMC-CEP-2287 05 31 58.03 -71 20 48.5
OGLE-LMC-CEP-2288 05 32 01.02 -69 47 53.0
OGLE-LMC-CEP-2289 05 32 02.54 -69 38 14.2
OGLE-LMC-CEP-2290 05 32 02.87 -70 10 17.4
OGLE-LMC-CEP-2292 05 32 03.77 -71 25 22.3
OGLE-LMC-CEP-2294 05 32 04.49 -68 37 16.8
OGLE-LMC-CEP-2295 05 32 04.91 -69 20 57.1
OGLE-LMC-CEP-2296 05 32 06.65 -71 51 06.1
OGLE-LMC-CEP-2298 05 32 11.98 -70 00 19.0
OGLE-LMC-CEP-2300 05 32 12.40 -69 58 36.0
OGLE-LMC-CEP-2301 05 32 15.62 -70 01 55.8
OGLE-LMC-CEP-2302 05 32 18.37 -70 22 47.0
OGLE-LMC-CEP-2304 05 32 21.13 -67 52 42.2
OGLE-LMC-CEP-2305 05 32 22.70 -69 02 06.0
OGLE-LMC-CEP-2308 05 32 24.92 -69 58 38.3
OGLE-LMC-CEP-2309 05 32 26.53 -69 46 21.9
OGLE-LMC-CEP-2312 05 32 29.73 -70 12 56.4
OGLE-LMC-CEP-2313 05 32 32.32 -70 11 25.4
OGLE-LMC-CEP-2314 05 32 32.94 -69 59 49.1
OGLE-LMC-CEP-2316 05 32 37.83 -70 47 38.3
OGLE-LMC-CEP-2317 05 32 37.90 -70 04 57.2
OGLE-LMC-CEP-2318 05 32 38.65 -71 44 24.6
OGLE-LMC-CEP-2321 05 32 43.49 -70 14 48.9
OGLE-LMC-CEP-2322 05 32 44.22 -71 06 51.2
OGLE-LMC-CEP-2325 05 32 46.74 -71 52 41.7
OGLE-LMC-CEP-2327 05 32 48.82 -70 13 58.6
OGLE-LMC-CEP-2329 05 32 52.36 -71 25 57.0
OGLE-LMC-CEP-2331 05 32 54.38 -71 44 36.9
OGLE-LMC-CEP-2335 05 32 58.38 -69 51 55.8
OGLE-LMC-CEP-2336 05 32 58.53 -69 05 04.4
OGLE-LMC-CEP-2338 05 33 02.20 -70 15 33.4
OGLE-LMC-CEP-2340 05 33 06.75 -68 45 26.8
OGLE-LMC-CEP-2341 05 33 07.10 -71 12 02.8
OGLE-LMC-CEP-2342 05 33 07.29 -70 55 24.9
OGLE-LMC-CEP-2347 05 33 13.65 -69 54 56.1
OGLE-LMC-CEP-2348 05 33 13.77 -71 48 29.9
OGLE-LMC-CEP-2349 05 33 16.41 -70 03 53.8
OGLE-LMC-CEP-2350 05 33 18.44 -70 10 03.4
OGLE-LMC-CEP-2353 05 33 21.93 -68 35 24.1
OGLE-LMC-CEP-2354 05 33 22.79 -69 57 19.9
OGLE-LMC-CEP-2355 05 33 22.92 -70 59 43.7
OGLE-LMC-CEP-2356 05 33 23.41 -71 37 46.3
OGLE-LMC-CEP-2358 05 33 26.06 -68 09 55.1
OGLE-LMC-CEP-2360 05 33 28.10 -71 00 08.9
OGLE-LMC-CEP-2361 05 33 29.79 -69 37 09.0
OGLE-LMC-CEP-2362 05 33 29.79 -70 16 34.9
OGLE-LMC-CEP-2363 05 33 29.98 -70 40 22.0
OGLE-LMC-CEP-2365 05 33 30.75 -71 09 06.7
OGLE-LMC-CEP-2366 05 33 31.49 -69 00 53.1
OGLE-LMC-CEP-2368 05 33 35.24 -70 58 30.4
OGLE-LMC-CEP-2369 05 33 36.64 -69 45 17.5
OGLE-LMC-CEP-2371 05 33 38.03 -70 59 41.6
OGLE-LMC-CEP-2372 05 33 39.17 -71 16 19.8
OGLE-LMC-CEP-2375 05 33 40.39 -70 59 12.3
OGLE-LMC-CEP-2376 05 33 40.47 -69 52 59.1
OGLE-LMC-CEP-2377 05 33 40.47 -70 58 56.7
OGLE-LMC-CEP-2378 05 33 40.58 -70 59 15.7
OGLE-LMC-CEP-2381 05 33 41.45 -71 26 29.1
OGLE-LMC-CEP-2382 05 33 41.68 -70 59 17.8
OGLE-LMC-CEP-2384 05 33 42.17 -70 59 18.1
OGLE-LMC-CEP-2385 05 33 42.41 -70 58 51.3
OGLE-LMC-CEP-2386 05 33 42.43 -70 58 52.8
OGLE-LMC-CEP-2389 05 33 43.17 -70 58 51.3
OGLE-LMC-CEP-2391 05 33 45.07 -70 59 35.5
OGLE-LMC-CEP-2392 05 33 45.68 -69 43 38.9
OGLE-LMC-CEP-2393 05 33 45.70 -68 29 22.7
OGLE-LMC-CEP-2395 05 33 48.56 -69 45 12.7
OGLE-LMC-CEP-2396 05 33 49.88 -70 22 40.3
OGLE-LMC-CEP-2397 05 33 50.21 -70 35 59.0
OGLE-LMC-CEP-2400 05 33 52.56 -71 07 39.8
OGLE-LMC-CEP-2401 05 33 54.44 -70 02 55.1
OGLE-LMC-CEP-2403 05 33 55.47 -71 48 50.3
OGLE-LMC-CEP-2405 05 33 57.51 -69 33 58.4
OGLE-LMC-CEP-2407 05 33 57.90 -70 06 46.1
OGLE-LMC-CEP-2411 05 34 00.93 -68 40 52.3
OGLE-LMC-CEP-2413 05 34 02.54 -70 59 38.8
OGLE-LMC-CEP-2414 05 34 03.96 -68 39 11.3
OGLE-LMC-CEP-2416 05 34 06.36 -69 36 35.8
OGLE-LMC-CEP-2417 05 34 07.07 -71 29 00.2
OGLE-LMC-CEP-2418 05 34 07.55 -68 43 36.7
OGLE-LMC-CEP-2419 05 34 10.49 -70 11 44.1
OGLE-LMC-CEP-2420 05 34 14.06 -70 59 55.4
OGLE-LMC-CEP-2424 05 34 19.30 -70 58 44.1
OGLE-LMC-CEP-2425 05 34 19.57 -67 59 34.3
OGLE-LMC-CEP-2428 05 34 20.69 -70 35 48.2
OGLE-LMC-CEP-2430 05 34 22.75 -68 08 52.0
OGLE-LMC-CEP-2433 05 34 27.87 -69 49 01.8
OGLE-LMC-CEP-2435 05 34 28.40 -70 37 37.3
OGLE-LMC-CEP-2437 05 34 29.30 -70 11 56.1
OGLE-LMC-CEP-2439 05 34 32.68 -69 19 18.2
OGLE-LMC-CEP-2440 05 34 33.01 -68 50 14.0
OGLE-LMC-CEP-2445 05 34 39.26 -70 04 23.2
OGLE-LMC-CEP-2446 05 34 39.47 -70 45 42.9
OGLE-LMC-CEP-2447 05 34 39.62 -68 48 36.0
OGLE-LMC-CEP-2448 05 34 40.07 -68 06 40.7
OGLE-LMC-CEP-2449 05 34 41.57 -68 41 26.4
OGLE-LMC-CEP-2450 05 34 42.12 -70 33 41.9
OGLE-LMC-CEP-2453 05 34 45.10 -69 59 19.7
OGLE-LMC-CEP-2454 05 34 47.42 -69 54 51.5
OGLE-LMC-CEP-2455 05 34 48.15 -70 10 56.0
OGLE-LMC-CEP-2456 05 34 51.88 -69 24 06.1
OGLE-LMC-CEP-2458 05 34 57.10 -70 55 00.5
OGLE-LMC-CEP-2459 05 34 58.63 -70 26 30.7
OGLE-LMC-CEP-2460 05 34 58.90 -70 11 48.3
OGLE-LMC-CEP-2463 05 35 01.84 -69 37 00.7
OGLE-LMC-CEP-2465 05 35 04.27 -71 23 55.2
OGLE-LMC-CEP-2466 05 35 08.91 -71 33 30.4
OGLE-LMC-CEP-2468 05 35 10.68 -69 40 13.4
OGLE-LMC-CEP-2470 05 35 11.37 -69 57 46.9
OGLE-LMC-CEP-2472 05 35 14.17 -70 06 16.1
OGLE-LMC-CEP-2473 05 35 14.28 -70 09 07.2
OGLE-LMC-CEP-2475 05 35 19.67 -70 19 22.8
OGLE-LMC-CEP-2479 05 35 22.00 -69 58 08.0
OGLE-LMC-CEP-2481 05 35 24.32 -69 57 24.8
OGLE-LMC-CEP-2483 05 35 24.99 -70 15 16.1
OGLE-LMC-CEP-2484 05 35 25.50 -68 46 30.1
OGLE-LMC-CEP-2485 05 35 27.35 -71 08 40.0
OGLE-LMC-CEP-2490 05 35 30.76 -69 58 05.7
OGLE-LMC-CEP-2491 05 35 31.47 -71 15 43.8
OGLE-LMC-CEP-2492 05 35 31.79 -69 43 22.2
OGLE-LMC-CEP-2497 05 35 33.56 -70 59 28.9
OGLE-LMC-CEP-2498 05 35 34.23 -70 05 58.3
OGLE-LMC-CEP-2500 05 35 34.89 -70 05 25.2
OGLE-LMC-CEP-2502 05 35 35.01 -69 34 30.1
OGLE-LMC-CEP-2503 05 35 35.93 -71 06 39.1
OGLE-LMC-CEP-2507 05 35 39.67 -70 14 24.9
OGLE-LMC-CEP-2510 05 35 42.15 -70 14 30.7
OGLE-LMC-CEP-2511 05 35 42.35 -70 40 03.5
OGLE-LMC-CEP-2512 05 35 44.20 -70 10 20.4
OGLE-LMC-CEP-2514 05 35 44.59 -71 11 32.5
OGLE-LMC-CEP-2517 05 35 48.91 -69 56 39.3
OGLE-LMC-CEP-2519 05 35 51.83 -70 04 01.9
OGLE-LMC-CEP-2520 05 35 52.18 -70 11 31.8
OGLE-LMC-CEP-2523 05 35 53.87 -68 39 34.0
OGLE-LMC-CEP-2525 05 35 55.63 -68 59 36.2
OGLE-LMC-CEP-2526 05 35 55.66 -70 12 11.5
OGLE-LMC-CEP-2528 05 35 57.61 -70 08 22.8
OGLE-LMC-CEP-2530 05 35 59.19 -70 04 25.2
OGLE-LMC-CEP-2536 05 36 07.56 -71 00 36.0
OGLE-LMC-CEP-2537 05 36 08.91 -69 50 05.7
OGLE-LMC-CEP-2538 05 36 09.91 -70 09 24.1
OGLE-LMC-CEP-2543 05 36 16.85 -70 30 56.1
OGLE-LMC-CEP-2544 05 36 16.94 -69 54 15.3
OGLE-LMC-CEP-2545 05 36 17.90 -71 14 42.3
OGLE-LMC-CEP-2547 05 36 18.58 -70 00 41.7
OGLE-LMC-CEP-2549 05 36 19.40 -70 13 24.3
OGLE-LMC-CEP-2550 05 36 19.92 -70 21 27.6
OGLE-LMC-CEP-2551 05 36 21.51 -70 06 37.9
OGLE-LMC-CEP-2552 05 36 22.98 -68 49 01.0
OGLE-LMC-CEP-2553 05 36 23.07 -70 04 07.4
OGLE-LMC-CEP-2559 05 36 26.16 -70 10 10.0
OGLE-LMC-CEP-2560 05 36 27.12 -69 40 47.2
OGLE-LMC-CEP-2563 05 36 28.30 -70 22 05.0
OGLE-LMC-CEP-2564 05 36 28.52 -69 40 25.5
OGLE-LMC-CEP-2568 05 36 30.15 -69 57 51.1
OGLE-LMC-CEP-2571 05 36 34.27 -70 05 20.4
OGLE-LMC-CEP-2572 05 36 35.03 -70 15 41.2
OGLE-LMC-CEP-2573 05 36 35.92 -70 09 14.1
OGLE-LMC-CEP-2574 05 36 36.54 -70 09 06.3
OGLE-LMC-CEP-2576 05 36 39.24 -70 16 03.6
OGLE-LMC-CEP-2577 05 36 43.08 -70 10 30.8
OGLE-LMC-CEP-2580 05 36 46.04 -70 57 30.7
OGLE-LMC-CEP-2582 05 36 46.99 -70 09 37.4
OGLE-LMC-CEP-2585 05 36 51.00 -70 09 52.5
OGLE-LMC-CEP-2589 05 36 52.36 -70 15 21.5
OGLE-LMC-CEP-2592 05 36 52.83 -70 12 07.8
OGLE-LMC-CEP-2594 05 36 53.18 -71 08 08.2
OGLE-LMC-CEP-2595 05 36 53.40 -70 09 43.2
OGLE-LMC-CEP-2596 05 36 53.68 -70 06 24.3
OGLE-LMC-CEP-2598 05 36 54.05 -70 08 59.4
OGLE-LMC-CEP-2600 05 36 54.56 -70 09 29.8
OGLE-LMC-CEP-2601 05 36 54.64 -69 56 26.6
OGLE-LMC-CEP-2604 05 36 55.17 -70 09 44.7
OGLE-LMC-CEP-2608 05 36 56.78 -70 09 40.2
OGLE-LMC-CEP-2609 05 36 58.19 -70 39 51.5
OGLE-LMC-CEP-2610 05 36 58.67 -71 05 33.6
OGLE-LMC-CEP-2611 05 36 58.97 -70 16 14.7
OGLE-LMC-CEP-2612 05 36 59.05 -71 18 01.2
OGLE-LMC-CEP-2615 05 37 00.90 -70 08 01.4
OGLE-LMC-CEP-2620 05 37 03.39 -70 04 33.8
OGLE-LMC-CEP-2623 05 37 06.03 -69 56 36.0
OGLE-LMC-CEP-2624 05 37 06.06 -70 39 08.7
OGLE-LMC-CEP-2625 05 37 08.45 -70 27 12.1
OGLE-LMC-CEP-2628 05 37 12.43 -70 22 23.3
OGLE-LMC-CEP-2629 05 37 15.55 -70 10 52.4
OGLE-LMC-CEP-2632 05 37 17.68 -68 40 16.4
OGLE-LMC-CEP-2633 05 37 17.90 -70 17 42.6
OGLE-LMC-CEP-2634 05 37 18.72 -71 06 45.5
OGLE-LMC-CEP-2635 05 37 22.09 -68 16 49.0
OGLE-LMC-CEP-2637 05 37 22.63 -70 12 16.2
OGLE-LMC-CEP-2638 05 37 22.71 -70 23 43.8
OGLE-LMC-CEP-2641 05 37 25.59 -70 07 59.0
OGLE-LMC-CEP-2643 05 37 27.46 -71 33 07.7
OGLE-LMC-CEP-2644 05 37 28.38 -69 11 42.6
OGLE-LMC-CEP-2646 05 37 30.05 -70 13 57.6
OGLE-LMC-CEP-2648 05 37 30.24 -70 22 34.5
OGLE-LMC-CEP-2650 05 37 33.77 -70 23 07.3
OGLE-LMC-CEP-2653 05 37 34.84 -69 05 30.4
OGLE-LMC-CEP-2655 05 37 35.53 -70 14 09.0
OGLE-LMC-CEP-2657 05 37 36.38 -70 08 51.3
OGLE-LMC-CEP-2659 05 37 37.21 -70 20 47.1
OGLE-LMC-CEP-2660 05 37 37.57 -70 25 52.2
OGLE-LMC-CEP-2663 05 37 38.35 -70 29 51.9
OGLE-LMC-CEP-2664 05 37 38.57 -70 14 09.3
OGLE-LMC-CEP-2668 05 37 39.08 -70 14 16.7
OGLE-LMC-CEP-2669 05 37 39.17 -70 06 30.9
OGLE-LMC-CEP-2674 05 37 42.20 -69 58 50.4
OGLE-LMC-CEP-2675 05 37 43.85 -69 35 11.0
OGLE-LMC-CEP-2676 05 37 43.99 -69 59 06.9
OGLE-LMC-CEP-2680 05 37 47.63 -70 13 48.9
OGLE-LMC-CEP-2681 05 37 47.90 -70 50 07.2
OGLE-LMC-CEP-2682 05 37 48.09 -70 13 56.6
OGLE-LMC-CEP-2683 05 37 49.79 -70 10 17.0
OGLE-LMC-CEP-2687 05 37 52.98 -70 01 55.3
OGLE-LMC-CEP-2688 05 37 53.22 -69 12 28.0
OGLE-LMC-CEP-2689 05 37 54.51 -70 23 49.1
OGLE-LMC-CEP-2694 05 38 03.67 -70 31 31.8
OGLE-LMC-CEP-2697 05 38 04.85 -70 27 34.1
OGLE-LMC-CEP-2699 05 38 07.66 -69 56 22.7
OGLE-LMC-CEP-2700 05 38 07.76 -69 09 06.5
OGLE-LMC-CEP-2702 05 38 09.47 -69 43 36.8
OGLE-LMC-CEP-2703 05 38 09.68 -70 22 40.9
OGLE-LMC-CEP-2704 05 38 10.77 -71 24 25.2
OGLE-LMC-CEP-2708 05 38 13.61 -70 17 22.7
OGLE-LMC-CEP-2710 05 38 16.67 -69 43 12.4
OGLE-LMC-CEP-2711 05 38 16.70 -70 34 56.9
OGLE-LMC-CEP-2714 05 38 17.11 -70 26 21.3
OGLE-LMC-CEP-2715 05 38 18.88 -68 05 05.5
OGLE-LMC-CEP-2718 05 38 19.64 -69 09 19.3
OGLE-LMC-CEP-2721 05 38 24.55 -70 14 04.9
OGLE-LMC-CEP-2725 05 38 29.96 -70 05 26.3
OGLE-LMC-CEP-2726 05 38 30.12 -70 07 56.0
OGLE-LMC-CEP-2728 05 38 31.23 -68 03 44.0
OGLE-LMC-CEP-2729 05 38 31.44 -70 27 52.6
OGLE-LMC-CEP-2731 05 38 33.13 -70 39 07.2
OGLE-LMC-CEP-2733 05 38 34.98 -68 18 03.9
OGLE-LMC-CEP-2734 05 38 35.77 -70 36 29.3
OGLE-LMC-CEP-2736 05 38 36.72 -70 27 16.6
OGLE-LMC-CEP-2738 05 38 37.78 -70 38 08.7
OGLE-LMC-CEP-2740 05 38 40.44 -70 21 18.0
OGLE-LMC-CEP-2742 05 38 42.38 -70 33 26.5
OGLE-LMC-CEP-2743 05 38 43.03 -70 21 29.5
OGLE-LMC-CEP-2744 05 38 43.39 -70 38 45.5
OGLE-LMC-CEP-2745 05 38 44.60 -70 11 23.7
OGLE-LMC-CEP-2747 05 38 45.76 -69 50 33.5
OGLE-LMC-CEP-2753 05 38 49.63 -70 01 10.1
OGLE-LMC-CEP-2757 05 38 51.30 -70 20 12.6
OGLE-LMC-CEP-2760 05 38 54.14 -69 42 51.9
OGLE-LMC-CEP-2763 05 38 55.17 -70 46 21.3
OGLE-LMC-CEP-2764 05 38 56.03 -70 08 32.9
OGLE-LMC-CEP-2765 05 38 56.25 -70 23 02.0
OGLE-LMC-CEP-2766 05 38 57.20 -70 11 14.5
OGLE-LMC-CEP-2768 05 38 58.83 -70 23 56.5
OGLE-LMC-CEP-2772 05 39 04.91 -70 13 49.3
OGLE-LMC-CEP-2773 05 39 05.89 -69 07 34.9
OGLE-LMC-CEP-2774 05 39 06.88 -70 07 42.2
OGLE-LMC-CEP-2775 05 39 08.06 -70 20 16.6
OGLE-LMC-CEP-2777 05 39 12.62 -70 32 56.5
OGLE-LMC-CEP-2781 05 39 15.48 -70 18 48.3
OGLE-LMC-CEP-2783 05 39 16.85 -70 09 15.5
OGLE-LMC-CEP-2784 05 39 16.91 -70 53 49.9
OGLE-LMC-CEP-2785 05 39 17.80 -70 34 25.4
OGLE-LMC-CEP-2791 05 39 20.95 -70 28 54.1
OGLE-LMC-CEP-2792 05 39 22.58 -71 45 38.5
OGLE-LMC-CEP-2794 05 39 23.38 -71 00 45.7
OGLE-LMC-CEP-2797 05 39 25.92 -71 05 16.4
OGLE-LMC-CEP-2799 05 39 26.58 -69 15 19.3
OGLE-LMC-CEP-2805 05 39 32.36 -70 26 28.3
OGLE-LMC-CEP-2807 05 39 33.00 -70 35 15.1
OGLE-LMC-CEP-2808 05 39 33.20 -70 22 34.7
OGLE-LMC-CEP-2809 05 39 34.37 -71 08 23.7
OGLE-LMC-CEP-2810 05 39 34.73 -69 09 59.0
OGLE-LMC-CEP-2811 05 39 35.03 -70 41 17.2
OGLE-LMC-CEP-2812 05 39 38.34 -70 23 19.3
OGLE-LMC-CEP-2813 05 39 38.76 -70 02 31.4
OGLE-LMC-CEP-2817 05 39 42.10 -71 01 13.6
OGLE-LMC-CEP-2818 05 39 43.54 -71 08 49.1
OGLE-LMC-CEP-2819 05 39 44.33 -70 16 28.6
OGLE-LMC-CEP-2821 05 39 44.89 -70 30 47.6
OGLE-LMC-CEP-2823 05 39 46.21 -69 47 27.6
OGLE-LMC-CEP-2825 05 39 47.26 -70 24 42.8
OGLE-LMC-CEP-2826 05 39 47.34 -70 01 16.8
OGLE-LMC-CEP-2827 05 39 47.60 -70 03 54.6
OGLE-LMC-CEP-2828 05 39 50.16 -70 13 26.4
OGLE-LMC-CEP-2829 05 39 51.26 -70 28 52.4
OGLE-LMC-CEP-2830 05 39 52.65 -70 25 54.8
OGLE-LMC-CEP-2831 05 39 52.85 -70 04 50.6
OGLE-LMC-CEP-2833 05 39 54.96 -71 25 27.7
OGLE-LMC-CEP-2836 05 39 58.20 -69 00 20.7
OGLE-LMC-CEP-2837 05 39 59.07 -70 46 41.2
OGLE-LMC-CEP-2839 05 40 00.74 -70 42 35.9
OGLE-LMC-CEP-2840 05 40 01.85 -70 31 03.2
OGLE-LMC-CEP-2841 05 40 01.85 -70 16 13.0
OGLE-LMC-CEP-2842 05 40 03.32 -71 02 09.8
OGLE-LMC-CEP-2844 05 40 04.80 -69 22 16.0
OGLE-LMC-CEP-2846 05 40 06.31 -70 23 31.5
OGLE-LMC-CEP-2848 05 40 08.16 -70 21 35.9
OGLE-LMC-CEP-2849 05 40 08.64 -70 47 27.6
OGLE-LMC-CEP-2852 05 40 11.92 -69 22 54.6
OGLE-LMC-CEP-2854 05 40 12.82 -69 38 08.1
OGLE-LMC-CEP-2856 05 40 15.55 -70 19 53.4
OGLE-LMC-CEP-2859 05 40 18.29 -68 42 23.3
OGLE-LMC-CEP-2862 05 40 23.62 -70 25 44.0
OGLE-LMC-CEP-2864 05 40 24.73 -69 52 19.5
OGLE-LMC-CEP-2865 05 40 26.40 -70 21 46.4
OGLE-LMC-CEP-2866 05 40 26.67 -70 19 57.9
OGLE-LMC-CEP-2870 05 40 31.78 -70 21 00.6
OGLE-LMC-CEP-2871 05 40 31.79 -68 47 30.5
OGLE-LMC-CEP-2873 05 40 32.32 -70 18 02.1
OGLE-LMC-CEP-2874 05 40 32.50 -70 23 18.8
OGLE-LMC-CEP-2876 05 40 33.03 -70 20 27.4
OGLE-LMC-CEP-2878 05 40 33.40 -70 01 50.6
OGLE-LMC-CEP-2879 05 40 34.26 -71 08 29.6
OGLE-LMC-CEP-2880 05 40 34.42 -69 35 54.5
OGLE-LMC-CEP-2881 05 40 35.19 -69 05 57.4
OGLE-LMC-CEP-2884 05 40 39.61 -70 46 03.0
OGLE-LMC-CEP-2885 05 40 39.75 -70 38 28.6
OGLE-LMC-CEP-2886 05 40 40.69 -71 13 20.9
OGLE-LMC-CEP-2888 05 40 42.95 -70 21 54.1
OGLE-LMC-CEP-2889 05 40 43.06 -70 34 09.5
OGLE-LMC-CEP-2890 05 40 43.74 -70 20 53.1
OGLE-LMC-CEP-2891 05 40 43.83 -69 39 28.0
OGLE-LMC-CEP-2892 05 40 44.88 -69 27 21.1
OGLE-LMC-CEP-2893 05 40 45.92 -68 44 05.1
OGLE-LMC-CEP-2894 05 40 47.03 -69 56 02.3
OGLE-LMC-CEP-2897 05 40 51.94 -70 22 36.6
OGLE-LMC-CEP-2898 05 40 52.51 -70 58 30.4
OGLE-LMC-CEP-2900 05 40 54.47 -70 32 56.3
OGLE-LMC-CEP-2903 05 40 59.36 -68 31 20.1
OGLE-LMC-CEP-2904 05 41 01.37 -71 51 42.9
OGLE-LMC-CEP-2905 05 41 05.30 -70 19 36.5
OGLE-LMC-CEP-2907 05 41 06.46 -70 24 18.9
OGLE-LMC-CEP-2909 05 41 08.95 -69 37 08.3
OGLE-LMC-CEP-2910 05 41 09.10 -70 24 10.4
OGLE-LMC-CEP-2913 05 41 11.13 -69 32 27.4
OGLE-LMC-CEP-2915 05 41 11.72 -70 21 54.8
OGLE-LMC-CEP-2918 05 41 14.05 -70 56 03.3
OGLE-LMC-CEP-2925 05 41 17.93 -70 44 23.5
OGLE-LMC-CEP-2926 05 41 18.93 -70 22 50.5
OGLE-LMC-CEP-2927 05 41 20.71 -71 10 57.6
OGLE-LMC-CEP-2928 05 41 21.83 -70 26 24.9
OGLE-LMC-CEP-2930 05 41 23.59 -70 16 57.9
OGLE-LMC-CEP-2931 05 41 24.30 -70 17 47.8
OGLE-LMC-CEP-2933 05 41 26.44 -70 19 34.5
OGLE-LMC-CEP-2934 05 41 27.00 -69 10 16.4
OGLE-LMC-CEP-2936 05 41 27.36 -71 56 24.2
OGLE-LMC-CEP-2938 05 41 29.29 -69 55 03.0
OGLE-LMC-CEP-2939 05 41 31.56 -68 47 39.8
OGLE-LMC-CEP-2941 05 41 34.60 -70 50 53.5
OGLE-LMC-CEP-2942 05 41 35.19 -70 17 34.1
OGLE-LMC-CEP-2943 05 41 35.29 -70 57 51.1
OGLE-LMC-CEP-2946 05 41 45.74 -71 12 50.1
OGLE-LMC-CEP-2947 05 41 46.44 -71 19 00.0
OGLE-LMC-CEP-2950 05 41 50.42 -70 23 36.2
OGLE-LMC-CEP-2951 05 41 50.62 -70 25 05.7
OGLE-LMC-CEP-2952 05 41 51.40 -69 24 12.4
OGLE-LMC-CEP-2953 05 41 52.32 -69 49 37.3
OGLE-LMC-CEP-2954 05 41 53.53 -70 31 41.3
OGLE-LMC-CEP-2956 05 41 56.08 -70 30 21.5
OGLE-LMC-CEP-2957 05 41 57.10 -71 05 52.0
OGLE-LMC-CEP-2958 05 41 57.56 -70 50 55.4
OGLE-LMC-CEP-2964 05 42 04.98 -68 22 24.6
OGLE-LMC-CEP-2966 05 42 06.20 -68 35 32.8
OGLE-LMC-CEP-2968 05 42 07.91 -69 00 19.3
OGLE-LMC-CEP-2969 05 42 09.15 -69 12 28.6
OGLE-LMC-CEP-2971 05 42 10.71 -68 01 15.6
OGLE-LMC-CEP-2972 05 42 11.93 -68 50 19.9
OGLE-LMC-CEP-2976 05 42 15.50 -71 10 53.4
OGLE-LMC-CEP-2980 05 42 17.25 -69 59 43.5
OGLE-LMC-CEP-2983 05 42 21.53 -70 14 57.3
OGLE-LMC-CEP-2993 05 42 30.83 -71 00 00.4
OGLE-LMC-CEP-2994 05 42 31.47 -71 04 33.0
OGLE-LMC-CEP-2996 05 42 32.58 -68 30 36.0
OGLE-LMC-CEP-2999 05 42 38.92 -68 40 14.4
OGLE-LMC-CEP-3002 05 42 43.49 -70 29 41.7
OGLE-LMC-CEP-3003 05 42 44.11 -68 35 11.3
OGLE-LMC-CEP-3004 05 42 44.15 -68 33 15.3
OGLE-LMC-CEP-3006 05 42 46.87 -67 51 18.9
OGLE-LMC-CEP-3008 05 42 49.52 -70 07 00.3
OGLE-LMC-CEP-3009 05 42 49.69 -70 54 40.1
OGLE-LMC-CEP-3011 05 42 49.92 -68 00 35.4
OGLE-LMC-CEP-3012 05 42 49.97 -70 42 36.4
OGLE-LMC-CEP-3014 05 42 52.85 -70 40 11.6
OGLE-LMC-CEP-3017 05 42 55.26 -69 55 50.9
OGLE-LMC-CEP-3018 05 42 56.12 -71 04 43.4
OGLE-LMC-CEP-3021 05 43 00.92 -68 00 42.2
OGLE-LMC-CEP-3022 05 43 02.79 -71 06 18.9
OGLE-LMC-CEP-3024 05 43 05.97 -69 29 26.5
OGLE-LMC-CEP-3027 05 43 09.10 -69 36 38.9
OGLE-LMC-CEP-3028 05 43 10.49 -69 28 10.8
OGLE-LMC-CEP-3031 05 43 13.41 -71 02 22.0
OGLE-LMC-CEP-3032 05 43 13.90 -71 03 13.4
OGLE-LMC-CEP-3036 05 43 33.77 -70 30 45.3
OGLE-LMC-CEP-3038 05 43 35.72 -69 07 47.0
OGLE-LMC-CEP-3039 05 43 37.91 -70 34 12.7
OGLE-LMC-CEP-3043 05 43 40.72 -70 08 08.7
OGLE-LMC-CEP-3044 05 43 41.02 -71 15 12.3
OGLE-LMC-CEP-3050 05 43 58.97 -70 24 59.2
OGLE-LMC-CEP-3052 05 43 59.87 -70 31 18.2
OGLE-LMC-CEP-3054 05 44 02.63 -68 49 14.8
OGLE-LMC-CEP-3055 05 44 02.76 -68 10 07.3
OGLE-LMC-CEP-3056 05 44 09.85 -69 12 30.7
OGLE-LMC-CEP-3058 05 44 14.77 -69 51 39.9
OGLE-LMC-CEP-3059 05 44 15.13 -70 33 21.8
OGLE-LMC-CEP-3060 05 44 16.78 -69 51 52.4
OGLE-LMC-CEP-3062 05 44 20.54 -72 01 32.6
OGLE-LMC-CEP-3064 05 44 21.10 -68 32 57.8
OGLE-LMC-CEP-3065 05 44 22.48 -70 43 35.4
OGLE-LMC-CEP-3069 05 44 24.01 -71 05 37.2
OGLE-LMC-CEP-3072 05 44 27.47 -69 31 33.2
OGLE-LMC-CEP-3074 05 44 31.92 -70 47 47.3
OGLE-LMC-CEP-3077 05 44 34.05 -70 59 32.5
OGLE-LMC-CEP-3078 05 44 35.48 -68 36 16.2
OGLE-LMC-CEP-3080 05 44 36.40 -70 39 05.3
OGLE-LMC-CEP-3082 05 44 38.06 -71 00 06.1
OGLE-LMC-CEP-3083 05 44 38.22 -70 37 36.4
OGLE-LMC-CEP-3085 05 44 40.86 -69 41 45.2
OGLE-LMC-CEP-3087 05 44 46.08 -70 03 06.3
OGLE-LMC-CEP-3089 05 44 50.45 -70 22 29.6
OGLE-LMC-CEP-3092 05 44 52.04 -68 38 46.2
OGLE-LMC-CEP-3096 05 45 01.38 -70 29 13.6
OGLE-LMC-CEP-3098 05 45 04.00 -70 27 02.3
OGLE-LMC-CEP-3100 05 45 08.48 -69 39 01.2
OGLE-LMC-CEP-3101 05 45 16.33 -70 46 35.2
OGLE-LMC-CEP-3104 05 45 21.02 -68 18 10.2
OGLE-LMC-CEP-3107 05 45 27.48 -70 25 24.5
OGLE-LMC-CEP-3109 05 45 28.50 -70 27 01.1
OGLE-LMC-CEP-3110 05 45 32.01 -67 46 56.6
OGLE-LMC-CEP-3116 05 45 40.74 -70 31 50.2
OGLE-LMC-CEP-3118 05 45 42.04 -70 25 03.1
OGLE-LMC-CEP-3120 05 45 43.27 -69 29 14.5
OGLE-LMC-CEP-3122 05 45 45.27 -67 54 34.3
OGLE-LMC-CEP-3124 05 45 53.38 -69 11 49.1
OGLE-LMC-CEP-3125 05 45 54.66 -70 35 44.1
OGLE-LMC-CEP-3126 05 45 55.25 -70 54 23.6
OGLE-LMC-CEP-3128 05 45 58.70 -69 29 58.4
OGLE-LMC-CEP-3129 05 46 00.03 -70 47 07.7
OGLE-LMC-CEP-3133 05 46 06.58 -70 11 48.9
OGLE-LMC-CEP-3134 05 46 06.69 -70 06 02.4
OGLE-LMC-CEP-3137 05 46 10.80 -71 00 06.0
OGLE-LMC-CEP-3138 05 46 12.80 -70 16 00.5
OGLE-LMC-CEP-3140 05 46 14.17 -69 04 23.0
OGLE-LMC-CEP-3141 05 46 14.30 -70 41 18.9
OGLE-LMC-CEP-3143 05 46 18.13 -71 09 19.5
OGLE-LMC-CEP-3144 05 46 20.24 -68 14 47.6
OGLE-LMC-CEP-3146 05 46 22.25 -69 55 20.1
OGLE-LMC-CEP-3147 05 46 22.36 -69 01 40.8
OGLE-LMC-CEP-3148 05 46 23.85 -71 43 58.1
OGLE-LMC-CEP-3150 05 46 26.25 -68 37 44.1
OGLE-LMC-CEP-3151 05 46 28.10 -70 38 10.4
OGLE-LMC-CEP-3153 05 46 30.85 -70 55 24.9
OGLE-LMC-CEP-3154 05 46 31.69 -67 46 45.6
OGLE-LMC-CEP-3155 05 46 33.15 -68 25 49.0
OGLE-LMC-CEP-3156 05 46 35.36 -69 49 40.2
OGLE-LMC-CEP-3157 05 46 35.68 -69 07 04.3
OGLE-LMC-CEP-3159 05 46 36.84 -70 44 00.7
OGLE-LMC-CEP-3160 05 46 37.25 -70 42 05.5
OGLE-LMC-CEP-3161 05 46 40.07 -69 45 42.8
OGLE-LMC-CEP-3165 05 46 46.28 -70 30 46.2
OGLE-LMC-CEP-3167 05 46 48.28 -69 11 50.8
OGLE-LMC-CEP-3168 05 46 48.88 -70 09 44.7
OGLE-LMC-CEP-3169 05 46 52.30 -70 46 44.6
OGLE-LMC-CEP-3171 05 47 00.79 -70 46 19.8
OGLE-LMC-CEP-3173 05 47 09.81 -69 27 20.5
OGLE-LMC-CEP-3176 05 47 15.69 -70 39 17.1
OGLE-LMC-CEP-3181 05 47 24.53 -70 45 33.7
OGLE-LMC-CEP-3182 05 47 25.01 -69 23 21.8
OGLE-LMC-CEP-3183 05 47 25.18 -70 42 21.9
OGLE-LMC-CEP-3185 05 47 28.94 -70 22 51.9
OGLE-LMC-CEP-3186 05 47 28.99 -70 40 44.9
OGLE-LMC-CEP-3187 05 47 29.82 -68 25 04.1
OGLE-LMC-CEP-3191 05 47 32.77 -70 40 29.8
OGLE-LMC-CEP-3192 05 47 34.59 -70 05 11.7
OGLE-LMC-CEP-3193 05 47 34.70 -70 31 14.3
OGLE-LMC-CEP-3194 05 47 35.22 -70 51 27.5
OGLE-LMC-CEP-3195 05 47 36.37 -70 33 10.3
OGLE-LMC-CEP-3197 05 47 45.73 -70 41 21.0
OGLE-LMC-CEP-3198 05 47 46.55 -68 43 24.5
OGLE-LMC-CEP-3200 05 47 53.63 -70 52 39.9
OGLE-LMC-CEP-3201 05 48 03.18 -70 43 04.2
OGLE-LMC-CEP-3202 05 48 03.32 -70 35 09.9
OGLE-LMC-CEP-3204 05 48 07.43 -70 25 18.0
OGLE-LMC-CEP-3206 05 48 12.78 -70 42 53.2
OGLE-LMC-CEP-3207 05 48 14.86 -70 12 27.5
OGLE-LMC-CEP-3210 05 48 18.16 -71 27 31.8
OGLE-LMC-CEP-3211 05 48 18.91 -69 10 07.5
OGLE-LMC-CEP-3212 05 48 23.89 -70 28 32.2
OGLE-LMC-CEP-3213 05 48 32.20 -70 24 50.0
OGLE-LMC-CEP-3214 05 48 32.47 -70 42 55.0
OGLE-LMC-CEP-3215 05 48 36.52 -69 44 29.0
OGLE-LMC-CEP-3216 05 48 39.88 -69 57 34.1
OGLE-LMC-CEP-3220 05 48 51.05 -68 57 43.1
OGLE-LMC-CEP-3221 05 48 51.18 -69 23 12.9
OGLE-LMC-CEP-3222 05 48 52.08 -70 50 29.7
OGLE-LMC-CEP-3223 05 48 52.84 -70 01 02.9
OGLE-LMC-CEP-3227 05 49 07.74 -70 26 01.5
OGLE-LMC-CEP-3228 05 49 13.56 -69 22 40.7
OGLE-LMC-CEP-3232 05 49 26.88 -70 18 48.5
OGLE-LMC-CEP-3236 05 49 33.29 -71 05 03.3
OGLE-LMC-CEP-3242 05 49 49.63 -70 25 43.7
OGLE-LMC-CEP-3243 05 49 51.20 -70 00 14.3
OGLE-LMC-CEP-3244 05 49 53.09 -71 40 31.2
OGLE-LMC-CEP-3246 05 50 05.84 -70 35 30.7
OGLE-LMC-CEP-3249 05 50 13.87 -69 36 59.7
OGLE-LMC-CEP-3252 05 50 22.73 -68 45 47.8
OGLE-LMC-CEP-3253 05 50 36.54 -70 09 41.3
OGLE-LMC-CEP-3254 05 50 39.01 -70 14 05.4
OGLE-LMC-CEP-3255 05 50 42.16 -68 47 19.7
OGLE-LMC-CEP-3256 05 50 42.85 -69 36 00.6
OGLE-LMC-CEP-3257 05 50 55.86 -69 31 05.1
OGLE-LMC-CEP-3258 05 50 57.05 -69 40 31.1
OGLE-LMC-CEP-3260 05 51 00.39 -69 25 31.7
OGLE-LMC-CEP-3262 05 51 05.23 -69 58 30.0
OGLE-LMC-CEP-3264 05 51 21.81 -69 28 29.3
OGLE-LMC-CEP-3267 05 51 51.52 -69 44 10.5
OGLE-LMC-CEP-3268 05 51 52.66 -71 06 28.2
OGLE-LMC-CEP-3270 05 51 58.83 -70 59 12.5
OGLE-LMC-CEP-3277 05 52 32.50 -69 36 14.2
OGLE-LMC-CEP-3280 05 52 56.20 -69 47 24.4
OGLE-LMC-CEP-3281 05 52 57.27 -69 29 14.3
OGLE-LMC-CEP-3282 05 52 57.47 -70 36 06.3
OGLE-LMC-CEP-3283 05 53 01.20 -69 29 38.0
OGLE-LMC-CEP-3285 05 53 07.87 -69 30 22.0
OGLE-LMC-CEP-3286 05 53 08.77 -69 30 08.9
OGLE-LMC-CEP-3292 05 53 32.12 -69 48 44.9
OGLE-LMC-CEP-3293 05 53 35.41 -69 32 06.8
OGLE-LMC-CEP-3294 05 53 39.88 -69 55 59.3
OGLE-LMC-CEP-3298 05 54 09.12 -68 51 52.5
OGLE-LMC-CEP-3299 05 54 12.44 -69 36 03.3
OGLE-LMC-CEP-3300 05 54 14.01 -69 36 45.0
OGLE-LMC-CEP-3301 05 54 27.38 -69 55 30.0
OGLE-LMC-CEP-3302 05 54 33.02 -68 59 13.2
OGLE-LMC-CEP-3303 05 54 41.90 -69 10 52.8
OGLE-LMC-CEP-3304 05 55 20.66 -68 41 20.1
OGLE-LMC-CEP-3306 05 55 53.04 -70 09 38.5
OGLE-LMC-CEP-3309 05 56 12.46 -70 23 35.5
OGLE-LMC-CEP-3314 05 57 24.43 -69 38 24.7
OGLE-LMC-CEP-3317 05 57 33.13 -69 12 01.7
OGLE-LMC-CEP-3320 05 57 46.87 -68 41 04.2
OGLE-LMC-CEP-3324 05 58 06.14 -69 16 31.9
OGLE-LMC-CEP-3326 05 58 30.04 -69 06 36.9
OGLE-LMC-CEP-3329 05 58 39.03 -69 47 46.4
OGLE-LMC-CEP-3330 05 58 44.33 -70 12 42.8
OGLE-LMC-CEP-3331 05 58 52.51 -69 10 13.4
OGLE-LMC-CEP-3333 05 59 21.09 -69 55 20.8
OGLE-LMC-CEP-3335 06 00 23.91 -68 33 22.5
OGLE-LMC-CEP-3338 06 01 59.96 -71 11 42.2
OGLE-LMC-CEP-3339 06 02 24.35 -69 15 14.4
OGLE-LMC-CEP-3342 06 04 42.54 -68 32 09.8
OGLE-LMC-CEP-3352 06 06 33.38 -71 36 26.0
OGLE-LMC-CEP-3353 06 08 08.05 -68 56 59.1
OGLE-LMC-CEP-3355 06 10 41.63 -71 31 43.5
OGLE-LMC-CEP-3357 06 11 34.36 -71 09 41.5
