    5.0328   -74.5485
    5.4745   -72.3730
    5.4848   -73.9155
    5.5178   -73.4487
    5.5782   -74.4594
    5.6067   -73.7843
    5.6220   -73.9045
    5.6273   -73.1265
    5.6685   -73.5169
    5.7044   -73.8404
    5.7048   -74.2231
    5.7412   -73.6296
    5.7918   -73.5239
    5.9173   -73.3991
    5.9208   -73.7640
    5.9333   -73.3823
    6.0048   -73.5979
    6.0300   -73.9406
    6.0327   -73.9126
    6.0436   -73.4421
    6.0846   -73.9243
    6.0967   -74.0652
    6.1409   -73.0400
    6.1441   -73.3076
    6.2280   -73.9939
    6.2470   -73.3597
    6.2824   -73.3203
    6.2994   -73.6588
    6.3203   -74.1326
    6.3217   -74.0659
    6.3357   -73.5944
    6.3651   -73.8089
    6.3660   -73.5385
    6.4895   -74.2449
    6.5090   -73.9241
    6.5255   -73.8998
    6.5478   -73.6251
    6.5777   -73.5406
    6.6398   -74.3479
    6.6817   -73.5434
    6.6842   -72.7764
    6.6941   -73.1114
    6.8441   -73.5233
    6.8524   -73.2656
    6.9028   -73.7614
    6.9353   -74.0820
    7.0055   -74.0814
    7.0070   -73.4098
    7.0598   -73.8656
    7.0811   -73.9257
    7.1029   -72.4769
    7.1135   -70.8522
    7.1260   -74.3841
    7.1622   -74.1250
    7.1691   -73.6001
    7.2870   -72.8861
    7.3249   -74.3290
    7.3318   -74.0503
    7.3490   -73.9509
    7.3956   -73.7213
    7.4366   -73.7708
    7.4550   -74.0917
    7.4882   -74.0147
    7.5374   -73.4033
    7.5496   -73.7353
    7.5676   -73.4199
    7.6150   -73.4573
    7.6454   -72.9861
    7.6846   -73.4696
    7.6886   -74.0148
    7.6942   -73.6315
    7.7956   -73.0916
    7.8056   -73.4836
    7.8680   -72.7554
    7.8936   -72.8739
    7.8983   -73.8822
    7.9154   -72.6763
    7.9768   -72.9402
    7.9908   -73.6258
    8.0252   -73.7552
    8.2743   -72.9232
    8.2856   -73.8680
    8.3107   -73.2004
    8.3339   -73.7365
    8.3466   -73.6806
    8.3825   -73.6336
    8.3921   -72.7627
    8.4078   -73.5276
    8.4885   -73.9938
    8.5358   -73.8296
    8.5410   -73.1638
    8.6191   -74.0459
    8.6368   -73.2012
    8.6391   -74.0100
    8.6467   -73.3575
    8.6582   -74.2011
    8.6749   -73.7382
    8.6849   -73.0754
    8.6918   -73.0961
    8.7003   -73.4710
    8.7063   -73.1037
    8.7263   -73.7800
    8.7362   -74.3099
    8.7615   -73.4407
    8.7800   -73.2446
    8.7899   -73.8177
    8.8172   -73.0856
    8.8268   -73.3699
    8.8879   -73.5200
    8.9024   -73.6015
    8.9226   -73.6710
    8.9260   -74.1148
    8.9263   -73.0138
    8.9278   -73.8669
    8.9369   -73.4405
    8.9585   -73.1027
    8.9651   -74.0622
    8.9914   -72.9705
    8.9943   -73.4825
    9.0428   -73.9446
    9.0466   -73.7506
    9.0573   -73.9853
    9.0755   -73.7736
    9.1118   -73.7268
    9.1347   -74.0753
    9.2332   -73.0733
    9.2543   -74.2484
    9.3287   -74.1472
    9.3603   -73.9356
    9.3707   -73.9667
    9.3795   -73.7652
    9.3843   -74.0638
    9.3976   -74.1332
    9.3984   -74.5788
    9.4198   -74.2066
    9.4207   -73.7182
    9.4236   -74.7588
    9.4340   -74.7987
    9.4351   -74.2469
    9.4896   -74.0476
    9.4950   -73.1733
    9.5040   -74.1617
    9.5043   -73.5758
    9.5481   -73.4169
    9.5578   -73.7323
    9.5665   -73.9781
    9.5707   -73.8147
    9.6019   -73.8820
    9.6490   -73.9567
    9.6585   -74.4582
    9.6862   -72.7869
    9.7379   -73.8132
    9.7432   -73.9951
    9.7437   -73.8089
    9.7679   -73.2813
    9.7715   -72.7868
    9.7868   -72.9777
    9.7938   -72.7155
    9.8379   -73.7799
    9.8710   -73.6991
    9.8784   -74.2634
    9.9021   -73.6512
    9.9033   -73.5818
    9.9276   -72.9460
    9.9276   -74.4658
    9.9328   -74.3457
    9.9512   -73.9154
    9.9563   -74.5182
    9.9587   -73.4993
    9.9872   -73.0218
   10.0000   -73.9268
   10.0002   -73.4991
   10.0357   -72.6919
   10.0389   -74.3543
   10.0567   -73.6937
   10.0596   -74.1106
   10.0831   -73.0146
   10.0916   -73.4616
   10.1023   -73.8788
   10.1139   -73.2071
   10.1153   -73.2043
   10.1182   -72.8189
   10.1204   -72.8780
   10.1246   -73.1927
   10.1260   -73.0818
   10.1590   -74.0523
   10.1707   -73.9452
   10.1732   -73.3407
   10.1884   -74.1047
   10.1965   -74.0900
   10.2074   -73.2877
   10.2084   -74.0751
   10.2152   -73.2556
   10.2268   -74.2304
   10.2396   -74.7095
   10.2510   -73.8812
   10.2555   -73.9324
   10.2745   -73.4151
   10.2758   -72.7166
   10.2822   -73.2544
   10.2934   -72.5549
   10.2949   -73.8134
   10.2957   -73.8286
   10.3100   -73.5430
   10.3131   -73.0897
   10.3160   -72.5792
   10.3333   -74.0098
   10.3377   -73.2566
   10.3501   -73.3612
   10.3603   -73.0769
   10.3664   -73.2214
   10.4126   -73.0154
   10.4228   -74.2026
   10.4273   -74.3699
   10.4362   -73.2426
   10.4390   -72.9996
   10.4423   -73.2375
   10.4522   -73.2948
   10.4611   -73.1722
   10.4689   -73.4239
   10.4699   -72.7422
   10.4715   -73.1626
   10.4816   -73.1347
   10.4846   -72.9443
   10.4943   -74.1540
   10.4980   -73.0796
   10.4981   -73.4370
   10.5004   -73.3386
   10.5206   -73.6416
   10.5242   -73.0421
   10.5252   -73.0615
   10.5258   -73.2994
   10.5340   -72.9525
   10.5447   -73.3522
   10.5491   -73.1166
   10.5613   -73.0680
   10.5634   -73.7120
   10.5830   -74.0359
   10.5843   -72.6021
   10.5920   -73.8527
   10.5937   -73.0571
   10.5955   -73.3695
   10.6104   -72.9365
   10.6376   -72.9297
   10.6450   -73.4273
   10.6462   -73.9242
   10.6492   -73.0634
   10.6682   -73.7788
   10.6715   -73.2020
   10.6728   -72.6488
   10.6777   -74.5307
   10.7103   -73.2403
   10.7112   -74.6356
   10.7113   -73.5050
   10.7158   -73.0534
   10.7160   -73.8614
   10.7217   -72.4924
   10.7311   -73.3522
   10.7336   -73.1599
   10.7367   -73.1222
   10.7420   -73.3349
   10.7430   -73.0917
   10.7438   -73.1233
   10.7460   -73.1679
   10.7463   -73.6482
   10.7507   -73.3042
   10.7510   -73.1746
   10.7523   -72.9696
   10.7526   -73.0914
   10.7588   -73.1748
   10.7599   -73.1490
   10.7610   -73.8915
   10.7663   -73.4221
   10.7717   -73.5666
   10.7721   -73.2010
   10.7744   -73.0822
   10.8019   -73.3277
   10.8143   -72.7655
   10.8221   -73.0836
   10.8377   -73.1455
   10.8410   -74.0498
   10.8547   -72.8451
   10.8571   -74.4608
   10.8594   -73.2544
   10.8666   -74.5564
   10.8676   -73.1440
   10.8723   -74.6240
   10.8763   -72.6167
   10.8937   -73.2360
   10.8991   -74.0096
   10.9013   -73.6479
   10.9044   -73.1289
   10.9069   -72.8483
   10.9075   -72.9926
   10.9085   -73.0839
   10.9126   -73.0381
   10.9129   -73.9841
   10.9131   -72.8748
   10.9145   -72.9692
   10.9260   -74.1801
   10.9296   -72.7974
   10.9320   -73.0901
   10.9364   -74.0980
   10.9479   -73.3355
   10.9511   -72.6656
   10.9696   -73.3033
   10.9736   -73.2337
   10.9766   -73.7516
   10.9810   -72.9958
   10.9812   -73.1401
   10.9887   -73.1916
   10.9950   -72.9743
   10.9975   -73.3310
   11.0008   -73.9918
   11.0076   -73.1405
   11.0130   -72.9205
   11.0131   -73.2771
   11.0133   -73.2083
   11.0144   -73.2655
   11.0160   -72.9522
   11.0187   -73.2605
   11.0192   -72.9346
   11.0199   -73.0860
   11.0235   -73.0443
   11.0240   -73.1781
   11.0437   -73.4756
   11.0445   -72.7451
   11.0465   -73.6271
   11.0500   -74.3630
   11.0521   -73.4951
   11.0595   -73.1260
   11.0616   -73.3489
   11.0641   -73.1939
   11.0714   -74.2323
   11.0785   -73.2136
   11.0868   -73.1997
   11.0886   -73.0784
   11.0989   -72.7839
   11.1000   -73.2755
   11.1061   -74.4139
   11.1067   -72.7667
   11.1095   -74.0434
   11.1112   -73.3795
   11.1119   -72.8510
   11.1145   -72.8960
   11.1183   -73.4568
   11.1183   -72.7903
   11.1208   -73.3849
   11.1280   -73.9016
   11.1287   -72.4480
   11.1289   -72.8262
   11.1372   -72.8109
   11.1579   -73.1369
   11.1585   -73.4668
   11.1587   -73.0466
   11.1588   -74.0225
   11.1652   -73.2633
   11.1724   -73.1340
   11.1754   -73.7063
   11.1785   -73.2890
   11.1790   -73.1908
   11.1820   -73.4059
   11.1820   -73.1760
   11.1869   -73.3312
   11.1902   -72.7569
   11.1922   -73.2282
   11.1952   -73.1333
   11.1991   -73.2184
   11.2086   -73.3583
   11.2154   -73.5659
   11.2210   -73.2673
   11.2232   -73.2900
   11.2251   -73.4380
   11.2385   -73.9114
   11.2513   -73.2510
   11.2558   -73.2089
   11.2579   -74.0071
   11.2644   -73.2547
   11.2675   -73.1701
   11.2681   -72.7473
   11.2696   -72.9847
   11.2704   -72.9366
   11.2739   -73.3244
   11.2752   -73.2886
   11.2758   -73.1531
   11.2779   -72.9141
   11.2869   -72.9673
   11.2919   -73.3161
   11.2987   -73.4520
   11.2996   -72.8396
   11.3016   -72.9603
   11.3024   -73.1964
   11.3048   -73.2503
   11.3058   -72.8109
   11.3103   -73.4908
   11.3106   -73.2105
   11.3179   -72.8890
   11.3252   -73.1371
   11.3276   -73.4896
   11.3308   -73.2252
   11.3329   -73.5654
   11.3406   -73.3075
   11.3472   -73.2203
   11.3476   -73.0372
   11.3482   -72.9856
   11.3523   -73.0496
   11.3540   -73.2654
   11.3544   -73.1963
   11.3547   -73.1480
   11.3613   -72.4531
   11.3767   -73.1137
   11.3910   -73.7240
   11.3963   -73.4249
   11.4002   -73.3669
   11.4098   -73.0424
   11.4105   -73.2481
   11.4120   -72.9306
   11.4157   -72.8816
   11.4177   -73.5713
   11.4229   -73.2153
   11.4264   -73.3043
   11.4277   -72.8779
   11.4323   -73.3988
   11.4407   -73.5375
   11.4483   -72.8888
   11.4534   -74.3194
   11.4626   -73.1158
   11.4685   -73.9096
   11.4699   -72.9935
   11.4701   -72.8930
   11.4736   -73.1544
   11.4815   -73.5065
   11.4832   -73.1626
   11.4846   -73.1670
   11.4860   -73.1793
   11.4904   -72.9215
   11.4912   -73.7796
   11.4953   -73.3856
   11.4959   -73.3616
   11.4961   -73.1718
   11.4986   -72.8557
   11.5007   -72.9260
   11.5095   -73.1154
   11.5129   -73.6807
   11.5153   -73.0904
   11.5155   -73.0658
   11.5166   -72.7909
   11.5174   -73.1469
   11.5175   -73.4539
   11.5205   -73.3207
   11.5281   -72.6821
   11.5316   -73.5895
   11.5318   -73.4603
   11.5374   -73.4118
   11.5379   -72.4851
   11.5464   -74.4603
   11.5493   -73.1301
   11.5508   -72.7360
   11.5514   -73.3950
   11.5650   -73.2403
   11.5704   -73.7144
   11.5709   -73.3252
   11.5721   -73.1261
   11.5774   -73.7062
   11.5780   -73.1212
   11.5781   -72.9622
   11.5800   -72.9545
   11.5828   -73.2834
   11.5883   -73.5176
   11.5947   -72.9358
   11.5999   -73.4878
   11.6044   -73.6638
   11.6152   -72.8993
   11.6197   -73.3853
   11.6245   -73.0347
   11.6248   -73.3827
   11.6268   -73.3230
   11.6284   -72.8288
   11.6297   -73.1194
   11.6310   -73.3165
   11.6331   -72.9260
   11.6341   -73.2094
   11.6439   -73.0340
   11.6450   -73.2393
   11.6456   -73.1122
   11.6463   -73.1743
   11.6559   -73.2041
   11.6583   -74.3963
   11.6639   -73.0627
   11.6645   -73.6679
   11.6700   -72.7596
   11.6703   -73.4098
   11.6835   -72.7785
   11.6842   -72.2882
   11.6863   -72.9599
   11.6933   -72.3429
   11.6992   -73.2883
   11.6994   -73.9202
   11.7097   -72.9259
   11.7101   -72.5433
   11.7118   -73.5881
   11.7146   -73.1714
   11.7172   -73.3433
   11.7246   -72.9336
   11.7260   -73.2565
   11.7310   -72.7454
   11.7408   -73.2865
   11.7451   -73.2457
   11.7488   -73.4890
   11.7506   -72.5313
   11.7534   -73.1507
   11.7610   -73.3164
   11.7624   -72.9342
   11.7640   -73.0345
   11.7643   -72.6727
   11.7669   -73.2121
   11.7730   -73.2549
   11.7759   -73.5840
   11.7762   -73.3381
   11.7822   -72.7030
   11.7872   -72.8097
   11.7887   -73.1131
   11.7887   -73.2879
   11.7912   -73.1694
   11.7999   -73.4818
   11.8115   -72.6093
   11.8141   -73.2140
   11.8240   -73.1511
   11.8244   -72.8553
   11.8282   -73.2879
   11.8297   -73.3210
   11.8324   -73.4426
   11.8326   -73.3211
   11.8343   -73.4383
   11.8365   -73.6265
   11.8367   -73.5856
   11.8402   -72.9703
   11.8405   -73.1032
   11.8526   -72.6807
   11.8527   -73.3375
   11.8555   -73.5439
   11.8721   -73.5077
   11.8806   -72.7644
   11.8850   -73.2264
   11.8867   -72.9191
   11.8918   -72.5740
   11.8922   -72.8655
   11.8996   -72.7186
   11.9017   -73.5481
   11.9038   -72.4268
   11.9115   -73.2140
   11.9120   -73.8883
   11.9150   -73.4872
   11.9150   -73.3758
   11.9193   -73.2160
   11.9216   -73.3465
   11.9224   -73.6249
   11.9227   -73.0344
   11.9254   -72.5757
   11.9286   -73.0128
   11.9360   -73.2960
   11.9393   -73.5450
   11.9450   -73.0183
   11.9451   -73.0575
   11.9499   -72.7597
   11.9500   -73.2138
   11.9507   -73.0996
   11.9509   -73.4205
   11.9530   -74.0656
   11.9608   -72.6668
   11.9663   -72.6875
   11.9683   -72.8876
   11.9685   -73.0641
   11.9726   -72.8387
   11.9735   -72.6586
   11.9820   -72.9413
   11.9823   -74.1083
   11.9847   -73.4126
   11.9858   -73.4894
   11.9918   -73.3864
   11.9960   -71.7016
   11.9986   -73.0198
   11.9989   -72.9202
   11.9997   -73.0052
   12.0021   -73.4846
   12.0039   -73.1705
   12.0043   -73.4864
   12.0046   -72.9960
   12.0105   -72.8575
   12.0105   -73.0706
   12.0125   -72.3279
   12.0160   -72.9396
   12.0206   -73.5486
   12.0214   -72.6215
   12.0256   -73.2553
   12.0257   -72.8280
   12.0270   -73.0595
   12.0297   -74.0336
   12.0307   -73.0816
   12.0311   -72.7889
   12.0320   -72.4331
   12.0336   -73.2387
   12.0340   -72.8522
   12.0343   -73.2963
   12.0360   -72.6737
   12.0412   -73.9414
   12.0505   -72.7927
   12.0526   -73.0149
   12.0526   -73.2221
   12.0563   -73.1939
   12.0588   -73.0840
   12.0592   -73.5813
   12.0605   -72.7944
   12.0605   -73.3260
   12.0621   -73.0718
   12.0629   -73.4668
   12.0640   -72.6349
   12.0678   -72.9438
   12.0701   -73.4991
   12.0713   -72.9892
   12.0734   -72.8276
   12.0811   -73.1596
   12.0848   -73.3396
   12.0858   -73.5122
   12.0942   -73.3976
   12.0960   -73.5162
   12.0973   -73.1207
   12.0993   -73.4830
   12.1010   -73.7322
   12.1049   -73.9356
   12.1051   -73.2957
   12.1077   -72.9398
   12.1099   -73.0368
   12.1165   -73.1475
   12.1166   -73.5977
   12.1300   -72.7019
   12.1315   -72.5572
   12.1366   -72.4396
   12.1374   -73.4962
   12.1375   -72.4193
   12.1402   -72.9407
   12.1402   -72.7248
   12.1494   -74.4554
   12.1495   -72.6359
   12.1516   -72.3735
   12.1556   -73.0390
   12.1638   -72.9558
   12.1644   -72.8341
   12.1693   -73.4999
   12.1758   -73.2632
   12.1806   -72.9703
   12.1883   -73.1618
   12.1896   -72.8425
   12.1929   -72.1697
   12.1971   -73.7255
   12.1978   -73.2220
   12.1995   -73.5563
   12.1995   -73.2770
   12.1996   -72.8832
   12.2012   -72.7825
   12.2036   -73.1783
   12.2098   -73.2454
   12.2125   -73.5706
   12.2128   -73.1822
   12.2165   -72.6319
   12.2180   -73.4098
   12.2186   -74.0977
   12.2244   -73.6328
   12.2253   -72.9766
   12.2310   -72.8270
   12.2396   -73.6690
   12.2399   -73.3172
   12.2421   -73.1022
   12.2425   -73.6102
   12.2550   -73.3273
   12.2554   -73.4714
   12.2622   -73.2642
   12.2635   -73.0953
   12.2639   -72.5352
   12.2641   -73.2905
   12.2675   -73.0399
   12.2724   -72.8545
   12.2770   -73.6145
   12.2832   -72.9978
   12.2957   -72.4100
   12.2990   -72.9599
   12.2992   -73.3431
   12.3007   -72.9333
   12.3014   -73.5023
   12.3031   -73.5133
   12.3035   -72.9527
   12.3062   -73.3510
   12.3077   -73.3136
   12.3146   -73.3856
   12.3163   -72.8796
   12.3177   -73.0909
   12.3201   -73.4892
   12.3205   -73.5663
   12.3240   -72.0299
   12.3258   -72.4676
   12.3275   -72.5569
   12.3294   -72.2684
   12.3321   -73.8791
   12.3323   -72.8639
   12.3335   -72.9581
   12.3384   -73.1262
   12.3387   -73.7986
   12.3410   -72.9962
   12.3420   -73.7514
   12.3452   -73.7028
   12.3525   -73.3702
   12.3539   -73.5456
   12.3571   -72.7883
   12.3575   -73.2356
   12.3595   -72.9466
   12.3631   -72.6898
   12.3635   -73.2882
   12.3642   -73.3006
   12.3693   -73.6513
   12.3699   -72.7847
   12.3749   -73.1549
   12.3777   -73.3866
   12.3822   -72.9484
   12.3822   -73.1325
   12.3832   -73.6167
   12.3843   -73.7579
   12.3893   -73.6840
   12.3930   -72.7884
   12.3950   -72.5658
   12.3968   -72.7221
   12.3970   -72.6797
   12.4009   -73.4001
   12.4057   -72.9419
   12.4096   -72.9179
   12.4145   -73.4587
   12.4147   -72.3033
   12.4169   -73.1021
   12.4184   -73.1982
   12.4217   -73.3100
   12.4225   -72.5912
   12.4243   -72.6344
   12.4253   -72.9299
   12.4255   -72.7139
   12.4265   -72.9962
   12.4281   -73.0916
   12.4334   -72.5452
   12.4345   -73.2186
   12.4345   -73.0577
   12.4391   -72.9855
   12.4408   -72.4471
   12.4435   -73.0304
   12.4465   -73.4567
   12.4467   -73.0303
   12.4469   -72.5067
   12.4485   -74.4536
   12.4498   -73.3964
   12.4500   -73.5655
   12.4540   -72.8550
   12.4630   -73.0340
   12.4648   -72.8619
   12.4650   -72.9966
   12.4662   -73.4975
   12.4707   -73.1526
   12.4721   -73.3661
   12.4795   -72.9876
   12.4803   -73.1545
   12.4822   -73.6264
   12.4824   -73.5204
   12.4885   -73.1642
   12.4885   -73.1615
   12.4963   -72.8339
   12.4969   -73.0469
   12.5003   -72.6284
   12.5010   -73.1647
   12.5019   -72.6996
   12.5022   -73.5735
   12.5046   -73.2452
   12.5066   -72.7415
   12.5114   -72.8674
   12.5158   -73.4232
   12.5166   -73.4155
   12.5183   -72.8881
   12.5197   -72.7182
   12.5212   -72.9607
   12.5243   -73.4854
   12.5312   -73.6774
   12.5315   -72.6371
   12.5316   -72.9678
   12.5346   -73.6555
   12.5391   -72.9436
   12.5394   -72.8602
   12.5398   -73.1981
   12.5400   -73.3467
   12.5496   -72.4413
   12.5500   -73.6308
   12.5509   -73.6962
   12.5571   -72.9892
   12.5587   -73.5442
   12.5636   -72.5741
   12.5653   -72.8306
   12.5701   -72.6049
   12.5717   -73.2571
   12.5733   -72.8189
   12.5762   -72.9375
   12.5893   -73.0984
   12.5900   -72.9838
   12.5924   -73.3264
   12.5953   -72.5684
   12.5962   -73.0429
   12.6011   -74.0583
   12.6037   -73.1253
   12.6046   -72.7224
   12.6066   -72.8201
   12.6073   -72.4619
   12.6075   -73.1217
   12.6119   -73.4167
   12.6150   -73.0984
   12.6166   -72.2959
   12.6227   -72.5299
   12.6230   -72.7089
   12.6258   -73.5556
   12.6295   -73.4471
   12.6309   -72.4440
   12.6317   -72.4778
   12.6362   -73.0976
   12.6453   -73.0277
   12.6457   -73.5356
   12.6486   -73.2985
   12.6503   -73.5182
   12.6598   -74.4472
   12.6615   -72.3401
   12.6616   -72.9840
   12.6630   -73.0561
   12.6678   -73.0272
   12.6689   -72.9189
   12.6725   -73.7924
   12.6791   -73.2681
   12.6800   -73.0467
   12.6879   -72.6498
   12.6958   -73.4863
   12.6960   -74.1982
   12.6962   -72.8035
   12.7020   -73.4160
   12.7039   -73.3128
   12.7040   -72.6539
   12.7059   -73.2782
   12.7116   -73.2068
   12.7127   -72.8483
   12.7180   -72.9550
   12.7188   -73.3786
   12.7192   -72.1747
   12.7200   -74.1319
   12.7218   -72.9041
   12.7228   -73.6490
   12.7264   -72.6884
   12.7270   -72.3104
   12.7278   -72.8005
   12.7293   -72.7893
   12.7305   -73.3737
   12.7313   -72.5783
   12.7315   -73.0248
   12.7338   -73.0949
   12.7345   -73.3866
   12.7350   -73.8191
   12.7383   -72.9812
   12.7410   -73.4941
   12.7410   -73.2072
   12.7422   -72.0740
   12.7432   -73.5192
   12.7445   -72.4215
   12.7462   -72.8723
   12.7464   -72.6862
   12.7513   -72.1274
   12.7514   -72.0550
   12.7625   -73.2084
   12.7637   -73.5755
   12.7709   -74.1901
   12.7718   -73.2477
   12.7728   -73.0669
   12.7737   -72.4694
   12.7756   -72.8752
   12.7836   -73.6955
   12.7843   -73.1373
   12.7891   -73.2198
   12.7895   -73.0300
   12.7906   -73.6137
   12.7937   -73.6999
   12.7939   -73.2179
   12.7942   -73.0191
   12.7952   -73.4653
   12.7960   -73.1249
   12.7962   -73.5550
   12.7964   -73.4129
   12.7970   -72.8837
   12.7983   -72.4643
   12.8062   -73.1582
   12.8063   -73.2859
   12.8075   -73.1034
   12.8083   -73.7422
   12.8161   -72.7269
   12.8177   -74.2031
   12.8183   -73.8659
   12.8188   -72.3592
   12.8192   -73.9068
   12.8270   -73.2054
   12.8273   -73.6974
   12.8302   -74.0475
   12.8339   -71.8354
   12.8357   -73.0301
   12.8364   -72.9015
   12.8373   -73.6769
   12.8383   -73.3651
   12.8387   -73.0712
   12.8396   -73.6029
   12.8415   -73.0117
   12.8462   -72.7732
   12.8466   -72.8767
   12.8475   -72.5782
   12.8500   -73.2112
   12.8501   -73.4375
   12.8515   -73.4645
   12.8517   -73.0050
   12.8528   -72.9453
   12.8535   -73.3903
   12.8551   -73.2411
   12.8570   -72.9429
   12.8585   -72.8461
   12.8630   -72.8626
   12.8638   -72.7375
   12.8640   -72.8597
   12.8655   -72.7840
   12.8688   -73.5021
   12.8730   -72.7792
   12.8744   -73.7143
   12.8794   -73.8094
   12.8835   -73.6061
   12.8852   -73.3367
   12.8883   -73.0641
   12.8899   -73.4490
   12.8914   -72.9795
   12.8986   -72.2730
   12.9019   -73.6551
   12.9094   -73.0787
   12.9100   -72.5844
   12.9110   -73.0445
   12.9134   -73.1480
   12.9152   -73.5210
   12.9159   -73.8988
   12.9164   -73.1793
   12.9195   -73.3623
   12.9231   -73.5326
   12.9289   -72.9473
   12.9345   -73.2874
   12.9395   -72.5179
   12.9417   -73.4461
   12.9433   -72.9452
   12.9467   -73.6147
   12.9488   -73.5103
   12.9491   -72.7892
   12.9516   -73.0096
   12.9558   -73.6461
   12.9567   -73.0421
   12.9603   -73.0418
   12.9640   -73.4959
   12.9667   -72.6283
   12.9689   -72.5956
   12.9731   -72.5919
   12.9733   -73.1004
   12.9777   -73.3319
   12.9783   -73.2022
   12.9791   -73.3678
   12.9810   -72.7129
   12.9816   -72.9648
   12.9830   -72.9533
   12.9885   -73.5068
   12.9908   -72.5357
   12.9928   -73.5308
   12.9945   -73.9573
   12.9945   -73.0400
   12.9947   -72.8622
   12.9970   -72.6432
   12.9978   -74.4349
   12.9978   -73.6817
   12.9992   -73.2687
   13.0001   -73.1358
   13.0003   -73.3241
   13.0011   -73.4631
   13.0038   -73.1756
   13.0043   -72.6003
   13.0090   -72.4358
   13.0128   -73.1917
   13.0145   -72.7835
   13.0153   -72.5867
   13.0154   -72.9673
   13.0178   -72.5216
   13.0200   -72.9681
   13.0222   -73.0462
   13.0248   -73.6946
   13.0285   -72.8859
   13.0293   -73.2646
   13.0316   -71.9281
   13.0331   -73.4124
   13.0370   -73.8056
   13.0380   -73.3041
   13.0384   -72.7659
   13.0387   -72.8404
   13.0461   -72.7644
   13.0476   -72.8949
   13.0544   -73.9435
   13.0606   -73.7260
   13.0618   -73.0173
   13.0622   -73.4676
   13.0635   -74.1229
   13.0637   -73.1686
   13.0693   -72.5994
   13.0717   -72.4257
   13.0730   -72.6825
   13.0775   -73.2369
   13.0788   -73.3790
   13.0810   -72.5217
   13.0817   -73.2344
   13.0824   -71.8441
   13.0890   -73.0509
   13.0891   -73.2474
   13.0914   -72.9701
   13.0928   -72.2574
   13.0969   -72.7315
   13.1026   -73.0795
   13.1093   -73.7546
   13.1105   -73.6849
   13.1133   -73.1832
   13.1166   -73.4775
   13.1175   -72.8863
   13.1199   -73.2578
   13.1202   -73.0539
   13.1235   -71.9343
   13.1244   -72.7107
   13.1245   -73.4052
   13.1250   -73.8736
   13.1256   -73.2780
   13.1264   -72.7826
   13.1304   -72.6369
   13.1308   -73.2597
   13.1341   -72.5587
   13.1380   -71.9051
   13.1413   -72.8941
   13.1450   -73.7007
   13.1464   -72.9528
   13.1483   -72.9891
   13.1500   -72.6551
   13.1501   -73.3587
   13.1520   -73.4800
   13.1536   -73.0663
   13.1547   -72.8270
   13.1589   -72.3654
   13.1609   -72.7086
   13.1624   -72.9510
   13.1628   -73.1815
   13.1697   -73.1225
   13.1720   -73.6082
   13.1721   -72.1963
   13.1811   -72.6925
   13.1811   -73.9276
   13.1815   -73.0204
   13.1860   -72.6621
   13.1928   -74.1577
   13.1980   -72.1346
   13.2005   -73.4745
   13.2045   -72.6619
   13.2053   -73.3717
   13.2063   -72.9030
   13.2118   -73.9881
   13.2154   -72.7203
   13.2160   -73.4053
   13.2188   -73.0130
   13.2203   -73.7579
   13.2232   -73.1955
   13.2233   -73.3143
   13.2253   -72.7952
   13.2256   -72.6209
   13.2262   -73.5433
   13.2272   -73.0040
   13.2300   -73.6103
   13.2437   -72.8910
   13.2495   -72.4255
   13.2602   -73.0095
   13.2618   -73.2610
   13.2651   -73.3712
   13.2677   -74.2588
   13.2811   -73.2378
   13.2865   -72.2632
   13.2915   -72.4710
   13.2938   -72.8588
   13.2970   -72.9394
   13.2991   -73.6138
   13.2996   -72.7279
   13.3090   -73.0298
   13.3103   -73.3450
   13.3138   -73.5670
   13.3180   -73.3541
   13.3189   -73.0312
   13.3198   -72.4695
   13.3199   -73.0791
   13.3208   -73.5136
   13.3222   -72.4481
   13.3277   -73.2967
   13.3287   -71.8694
   13.3331   -72.2940
   13.3407   -72.5715
   13.3436   -72.0634
   13.3460   -72.3234
   13.3462   -72.5625
   13.3475   -72.9620
   13.3478   -73.0231
   13.3485   -73.8236
   13.3551   -73.2350
   13.3584   -72.5069
   13.3632   -72.5249
   13.3635   -73.1118
   13.3659   -73.4170
   13.3660   -73.1837
   13.3688   -74.5143
   13.3704   -72.7760
   13.3743   -73.3426
   13.3768   -73.1173
   13.3774   -73.2940
   13.3775   -72.2088
   13.3806   -73.2063
   13.3892   -72.6633
   13.3912   -73.1246
   13.4058   -73.2761
   13.4085   -72.5621
   13.4094   -72.4935
   13.4139   -72.9099
   13.4191   -73.5646
   13.4214   -72.1594
   13.4227   -72.2846
   13.4258   -72.9330
   13.4261   -72.6578
   13.4286   -73.4519
   13.4311   -73.4423
   13.4325   -73.4737
   13.4349   -72.8032
   13.4355   -73.0617
   13.4392   -72.2719
   13.4400   -73.2585
   13.4487   -72.9292
   13.4545   -73.6288
   13.4549   -73.1673
   13.4575   -72.6183
   13.4601   -74.0267
   13.4658   -72.8866
   13.4660   -73.8125
   13.4708   -72.8764
   13.4733   -71.8889
   13.4812   -72.2746
   13.4822   -73.5097
   13.4845   -72.5233
   13.4864   -72.7373
   13.4879   -73.0211
   13.4904   -73.1172
   13.4923   -72.7040
   13.4940   -72.3966
   13.4945   -72.9808
   13.4965   -72.2568
   13.4990   -72.9266
   13.5025   -73.6193
   13.5034   -71.7029
   13.5042   -73.0811
   13.5059   -72.9790
   13.5066   -72.8035
   13.5080   -73.5050
   13.5105   -73.2417
   13.5119   -72.8896
   13.5204   -71.2771
   13.5220   -73.8357
   13.5253   -72.3535
   13.5263   -73.5687
   13.5267   -73.4162
   13.5310   -73.2045
   13.5315   -73.6268
   13.5365   -72.7839
   13.5378   -73.6666
   13.5402   -72.7272
   13.5439   -73.5886
   13.5452   -71.3896
   13.5460   -71.8915
   13.5536   -73.3550
   13.5626   -73.5182
   13.5635   -72.5198
   13.5635   -73.5464
   13.5645   -71.9374
   13.5666   -71.9063
   13.5668   -71.9347
   13.5679   -72.4723
   13.5698   -72.6162
   13.5702   -72.5276
   13.5736   -71.2921
   13.5753   -73.8130
   13.5758   -72.7026
   13.5776   -73.3687
   13.5815   -72.7545
   13.5823   -72.0888
   13.5898   -74.2167
   13.5903   -72.7376
   13.5914   -73.3750
   13.5946   -73.1291
   13.6004   -72.2670
   13.6034   -72.2354
   13.6035   -73.2789
   13.6037   -73.2648
   13.6104   -73.2684
   13.6158   -72.2420
   13.6195   -72.7438
   13.6236   -74.1092
   13.6252   -73.2558
   13.6305   -72.8640
   13.6307   -72.5120
   13.6321   -72.7575
   13.6341   -73.2821
   13.6345   -72.4760
   13.6347   -72.7546
   13.6370   -72.5075
   13.6375   -72.2920
   13.6424   -73.5220
   13.6450   -73.3928
   13.6497   -72.2316
   13.6549   -72.0516
   13.6570   -72.7275
   13.6642   -73.0169
   13.6644   -71.7042
   13.6648   -71.9258
   13.6657   -72.8258
   13.6676   -73.9277
   13.6682   -73.0217
   13.6715   -72.4652
   13.6719   -73.1495
   13.6750   -73.0706
   13.6853   -73.5873
   13.6946   -73.3980
   13.6976   -73.0027
   13.6997   -72.4422
   13.7040   -73.2604
   13.7066   -73.2599
   13.7090   -72.5245
   13.7141   -73.1771
   13.7208   -72.5853
   13.7215   -72.8724
   13.7223   -72.5364
   13.7245   -72.0580
   13.7256   -73.4199
   13.7315   -72.5490
   13.7336   -74.1638
   13.7370   -72.9231
   13.7415   -72.5457
   13.7415   -73.5456
   13.7457   -73.1551
   13.7463   -72.7049
   13.7465   -72.4775
   13.7469   -73.1435
   13.7472   -73.2402
   13.7487   -73.1684
   13.7488   -73.4701
   13.7489   -73.2899
   13.7502   -72.8252
   13.7544   -72.8207
   13.7547   -73.0343
   13.7617   -72.1464
   13.7621   -73.3296
   13.7647   -72.2470
   13.7665   -73.0157
   13.7746   -73.2245
   13.7755   -72.5487
   13.7799   -73.2853
   13.7823   -72.6590
   13.7839   -73.0972
   13.7846   -73.9702
   13.7895   -73.4063
   13.7898   -72.6546
   13.7900   -73.7866
   13.7957   -73.3710
   13.7973   -72.7069
   13.7984   -72.1871
   13.8035   -72.5247
   13.8072   -72.8512
   13.8090   -73.1843
   13.8120   -72.0244
   13.8122   -72.0259
   13.8158   -72.9546
   13.8272   -72.7202
   13.8284   -72.8131
   13.8300   -73.4112
   13.8376   -72.6751
   13.8385   -73.2581
   13.8403   -73.4797
   13.8414   -72.8768
   13.8446   -72.7043
   13.8536   -73.5441
   13.8587   -71.7488
   13.8655   -72.4948
   13.8758   -72.7595
   13.8787   -73.7205
   13.8798   -72.8504
   13.8808   -73.0372
   13.8850   -72.7827
   13.8874   -72.9085
   13.8898   -71.7625
   13.8957   -72.7797
   13.8961   -73.4804
   13.8981   -72.3993
   13.8985   -72.4040
   13.8987   -72.6287
   13.9042   -73.1064
   13.9085   -72.8621
   13.9087   -72.4488
   13.9089   -72.7210
   13.9132   -71.8617
   13.9153   -73.0494
   13.9161   -72.8836
   13.9222   -73.2044
   13.9242   -73.3584
   13.9404   -72.8374
   13.9422   -73.4095
   13.9502   -71.5594
   13.9509   -72.6439
   13.9511   -72.5244
   13.9555   -73.7051
   13.9571   -72.7508
   13.9641   -73.9673
   13.9661   -72.3762
   13.9698   -73.1127
   13.9698   -73.1998
   13.9699   -72.5846
   13.9704   -73.3427
   13.9708   -73.3328
   13.9740   -71.5368
   13.9751   -73.3482
   13.9754   -72.7698
   13.9802   -72.6182
   13.9815   -73.8597
   13.9817   -72.7722
   13.9879   -72.6703
   13.9882   -73.3049
   13.9890   -72.7523
   13.9967   -71.9025
   13.9986   -72.9726
   14.0010   -73.5026
   14.0039   -73.4010
   14.0057   -72.7311
   14.0099   -73.6164
   14.0148   -73.2863
   14.0154   -73.2291
   14.0174   -73.2174
   14.0193   -73.4460
   14.0243   -73.0954
   14.0256   -73.0259
   14.0257   -72.6050
   14.0291   -72.1217
   14.0324   -72.8784
   14.0375   -72.9218
   14.0381   -72.4377
   14.0388   -72.8376
   14.0403   -72.7100
   14.0440   -72.5699
   14.0454   -73.3836
   14.0461   -72.8685
   14.0529   -71.8926
   14.0654   -72.3381
   14.0663   -71.7234
   14.0664   -71.8306
   14.0675   -72.0922
   14.0796   -72.1931
   14.0872   -73.3061
   14.0993   -72.8423
   14.1044   -71.7751
   14.1115   -73.2365
   14.1131   -72.9482
   14.1146   -73.6845
   14.1163   -73.3951
   14.1174   -72.4414
   14.1181   -72.2423
   14.1194   -73.5831
   14.1203   -72.4384
   14.1247   -73.4099
   14.1265   -71.9776
   14.1265   -71.7220
   14.1271   -72.7365
   14.1291   -72.6688
   14.1296   -72.7657
   14.1317   -73.1127
   14.1359   -73.0176
   14.1398   -72.2320
   14.1419   -73.5237
   14.1433   -72.5212
   14.1473   -72.8854
   14.1495   -72.8567
   14.1543   -72.7066
   14.1552   -72.9984
   14.1556   -72.5791
   14.1578   -74.1583
   14.1579   -72.9084
   14.1611   -72.5327
   14.1623   -71.9173
   14.1627   -72.6083
   14.1631   -72.5652
   14.1714   -74.0276
   14.1784   -73.9117
   14.1828   -73.6549
   14.1872   -72.7467
   14.1910   -71.8031
   14.1951   -72.1326
   14.2036   -73.1874
   14.2044   -71.6429
   14.2063   -71.5737
   14.2068   -72.6795
   14.2095   -73.3910
   14.2097   -72.9476
   14.2115   -73.2452
   14.2182   -72.9360
   14.2217   -72.8139
   14.2255   -72.5126
   14.2315   -73.3392
   14.2342   -73.4519
   14.2379   -73.1940
   14.2409   -72.7227
   14.2497   -72.0349
   14.2533   -72.1283
   14.2595   -72.4051
   14.2643   -73.7710
   14.2680   -72.6761
   14.2700   -73.1408
   14.2707   -72.3606
   14.2713   -72.4144
   14.2714   -72.6076
   14.2719   -72.1499
   14.2794   -73.4772
   14.2809   -73.6416
   14.2852   -73.0823
   14.2859   -71.6683
   14.2860   -71.8276
   14.2878   -73.3619
   14.2922   -73.3809
   14.3017   -72.2823
   14.3083   -73.4678
   14.3110   -73.5975
   14.3128   -71.8240
   14.3148   -73.4007
   14.3154   -72.9769
   14.3202   -73.6144
   14.3254   -72.9318
   14.3260   -73.4440
   14.3264   -73.4078
   14.3300   -73.0523
   14.3333   -73.8818
   14.3385   -73.4138
   14.3388   -73.5809
   14.3519   -71.7478
   14.3529   -73.6111
   14.3536   -73.0827
   14.3570   -73.3751
   14.3614   -71.7415
   14.3632   -73.0577
   14.3660   -72.5637
   14.3742   -71.9943
   14.3753   -73.4722
   14.3793   -73.0954
   14.3798   -73.2185
   14.3817   -73.1058
   14.3819   -73.5874
   14.3832   -72.7548
   14.3862   -72.5018
   14.3920   -72.7528
   14.3928   -73.4422
   14.3944   -73.9959
   14.3953   -73.2181
   14.3956   -72.9623
   14.4022   -72.6753
   14.4090   -71.2703
   14.4103   -73.2220
   14.4172   -73.2217
   14.4178   -72.9212
   14.4179   -72.5456
   14.4231   -73.2673
   14.4266   -72.7655
   14.4282   -72.0519
   14.4284   -73.2668
   14.4341   -72.4908
   14.4347   -73.0899
   14.4350   -72.7712
   14.4369   -73.6950
   14.4400   -73.6761
   14.4424   -72.2427
   14.4538   -73.3068
   14.4571   -72.2115
   14.4590   -72.7965
   14.4633   -72.4065
   14.4816   -73.0870
   14.4831   -73.3351
   14.4865   -72.4634
   14.4905   -72.4309
   14.4917   -73.7216
   14.4967   -72.2350
   14.5048   -72.8049
   14.5051   -73.6543
   14.5054   -72.2849
   14.5098   -72.7029
   14.5112   -72.6731
   14.5181   -73.0172
   14.5181   -73.4641
   14.5198   -72.9960
   14.5307   -73.1480
   14.5319   -72.9654
   14.5336   -73.5747
   14.5428   -73.6007
   14.5442   -72.2385
   14.5460   -72.4229
   14.5476   -72.9436
   14.5499   -71.7848
   14.5507   -71.7159
   14.5512   -73.2096
   14.5532   -73.6494
   14.5534   -74.2277
   14.5612   -74.2106
   14.5633   -73.9948
   14.5648   -73.3086
   14.5690   -72.4005
   14.5717   -73.3529
   14.5738   -73.8849
   14.5753   -73.1901
   14.5885   -72.0443
   14.5908   -72.2884
   14.5968   -72.9069
   14.6003   -73.3830
   14.6028   -73.4735
   14.6090   -73.3780
   14.6104   -72.7138
   14.6118   -73.1778
   14.6120   -73.1572
   14.6200   -72.3327
   14.6202   -72.5971
   14.6204   -72.4444
   14.6222   -72.9757
   14.6265   -72.5428
   14.6302   -72.7838
   14.6355   -72.2968
   14.6385   -73.0890
   14.6400   -71.5794
   14.6430   -72.1511
   14.6456   -73.9206
   14.6461   -72.9738
   14.6498   -73.6244
   14.6529   -73.2305
   14.6571   -73.4726
   14.6584   -72.1691
   14.6601   -73.8381
   14.6615   -72.2244
   14.6644   -72.8967
   14.6682   -73.2858
   14.6727   -72.3798
   14.6729   -72.1826
   14.6819   -73.3696
   14.6887   -71.6761
   14.6915   -73.0595
   14.6918   -73.0846
   14.6941   -72.9179
   14.6942   -71.2648
   14.7007   -73.1619
   14.7027   -72.8855
   14.7045   -72.6846
   14.7073   -73.3075
   14.7109   -73.0895
   14.7142   -71.9060
   14.7173   -71.9770
   14.7203   -74.1340
   14.7248   -73.0605
   14.7345   -73.2512
   14.7363   -72.9412
   14.7408   -74.0926
   14.7477   -72.7157
   14.7484   -71.9084
   14.7518   -73.1024
   14.7522   -72.1685
   14.7553   -71.7522
   14.7607   -72.1215
   14.7620   -73.4525
   14.7635   -73.3746
   14.7645   -73.5607
   14.7678   -72.0137
   14.7681   -73.2515
   14.7692   -72.1856
   14.7698   -72.9523
   14.7700   -72.0783
   14.7903   -72.0100
   14.7950   -73.5981
   14.7955   -73.0334
   14.7998   -73.4249
   14.8030   -72.5815
   14.8038   -71.8037
   14.8039   -72.8169
   14.8117   -73.0841
   14.8128   -72.4305
   14.8142   -73.3973
   14.8266   -73.2311
   14.8269   -72.8557
   14.8295   -72.9719
   14.8346   -72.3138
   14.8375   -73.0652
   14.8443   -72.2802
   14.8468   -73.3631
   14.8496   -72.6150
   14.8504   -73.1446
   14.8513   -72.8759
   14.8609   -72.4469
   14.8648   -73.4296
   14.8681   -72.6391
   14.8727   -73.7666
   14.8728   -72.8568
   14.8732   -72.9303
   14.8732   -71.3050
   14.8746   -73.3981
   14.8757   -72.6490
   14.8805   -72.9139
   14.8811   -72.6662
   14.8812   -73.5991
   14.8856   -71.6658
   14.8869   -73.1853
   14.8980   -72.5658
   14.8987   -73.0817
   14.9008   -73.1318
   14.9037   -71.9226
   14.9040   -73.4371
   14.9046   -72.5516
   14.9101   -72.0247
   14.9115   -74.0310
   14.9172   -73.3706
   14.9178   -72.4164
   14.9197   -73.4653
   14.9239   -72.7924
   14.9276   -72.2473
   14.9315   -72.3994
   14.9332   -72.4860
   14.9457   -72.7644
   14.9498   -72.1830
   14.9527   -73.0534
   14.9528   -73.4868
   14.9553   -73.9571
   14.9561   -72.8642
   14.9563   -73.2063
   14.9610   -73.2482
   14.9631   -72.2040
   14.9641   -73.1152
   14.9647   -71.7473
   14.9658   -72.7019
   14.9666   -72.2871
   14.9714   -73.5364
   14.9716   -72.6404
   14.9736   -72.5113
   14.9761   -72.9249
   14.9772   -71.7451
   14.9820   -72.7226
   14.9839   -72.3718
   14.9846   -72.9233
   14.9866   -72.9580
   14.9963   -72.9358
   14.9998   -72.1260
   15.0071   -72.0229
   15.0130   -72.9662
   15.0187   -72.7934
   15.0220   -72.9449
   15.0327   -72.2964
   15.0336   -72.9864
   15.0395   -72.2298
   15.0445   -72.1258
   15.0455   -72.4767
   15.0465   -72.9216
   15.0475   -72.5517
   15.0500   -72.5145
   15.0549   -73.2617
   15.0608   -73.2957
   15.0616   -73.2998
   15.0670   -71.6569
   15.0686   -72.6412
   15.0710   -73.4439
   15.0740   -72.1353
   15.0785   -72.2211
   15.0787   -73.2708
   15.0812   -72.2233
   15.0814   -73.6739
   15.0821   -72.6439
   15.0868   -73.4223
   15.0876   -72.5420
   15.0877   -73.1740
   15.0939   -72.8476
   15.1070   -72.2251
   15.1103   -73.0920
   15.1105   -71.9274
   15.1117   -72.7099
   15.1119   -73.7227
   15.1145   -73.3781
   15.1150   -72.9693
   15.1223   -72.0563
   15.1234   -73.5170
   15.1345   -73.3792
   15.1503   -72.2530
   15.1560   -72.1957
   15.1587   -73.6066
   15.1628   -72.6031
   15.1660   -72.7342
   15.1662   -73.3969
   15.1665   -73.3021
   15.1721   -73.1106
   15.1738   -73.2101
   15.1754   -72.8281
   15.1795   -73.6499
   15.1810   -72.5583
   15.1812   -72.1594
   15.1822   -72.8349
   15.1849   -71.8309
   15.1888   -72.7594
   15.1904   -71.8340
   15.1933   -72.0602
   15.1965   -73.5302
   15.1975   -72.3460
   15.2006   -73.1208
   15.2023   -72.4154
   15.2034   -73.5739
   15.2118   -72.0419
   15.2184   -73.1426
   15.2184   -72.1211
   15.2260   -73.3609
   15.2282   -73.6463
   15.2312   -72.9617
   15.2385   -73.1519
   15.2388   -73.1541
   15.2392   -73.5991
   15.2456   -72.0678
   15.2456   -72.0307
   15.2464   -73.6020
   15.2482   -71.8031
   15.2526   -73.4827
   15.2584   -72.9487
   15.2611   -72.2431
   15.2631   -73.1475
   15.2655   -73.3616
   15.2788   -73.3530
   15.2799   -73.3988
   15.2835   -72.8936
   15.2848   -73.7106
   15.2858   -73.0274
   15.2920   -71.2795
   15.2928   -73.9147
   15.2935   -73.2947
   15.2946   -73.0270
   15.2970   -73.8522
   15.2975   -73.7554
   15.2985   -72.1611
   15.3182   -73.6297
   15.3186   -71.2892
   15.3219   -72.2497
   15.3232   -73.3179
   15.3291   -72.7924
   15.3330   -74.1455
   15.3333   -73.2321
   15.3340   -73.4053
   15.3380   -73.4598
   15.3419   -73.1745
   15.3449   -71.3088
   15.3481   -73.1683
   15.3499   -72.1167
   15.3502   -73.5343
   15.3509   -72.2952
   15.3526   -72.4565
   15.3680   -73.4239
   15.3697   -72.3047
   15.3715   -73.3252
   15.3780   -73.1769
   15.3783   -73.4176
   15.3829   -72.3224
   15.3853   -72.8487
   15.3895   -73.2189
   15.3915   -73.3210
   15.3919   -71.8152
   15.3984   -72.7526
   15.4014   -73.3072
   15.4028   -73.4768
   15.4081   -73.4897
   15.4135   -73.1727
   15.4270   -72.9204
   15.4304   -73.5323
   15.4393   -72.7526
   15.4395   -71.7168
   15.4448   -73.3947
   15.4453   -73.0926
   15.4462   -73.1238
   15.4496   -72.2773
   15.4498   -73.3276
   15.4526   -73.2981
   15.4575   -72.4989
   15.4698   -71.5790
   15.4700   -72.9380
   15.4848   -71.3182
   15.4850   -73.8017
   15.4897   -71.5654
   15.5033   -71.8544
   15.5038   -72.5446
   15.5064   -72.9830
   15.5086   -72.9979
   15.5115   -73.1631
   15.5133   -71.7196
   15.5250   -71.9554
   15.5257   -73.4901
   15.5322   -73.3618
   15.5331   -72.8079
   15.5359   -73.0684
   15.5385   -72.1276
   15.5449   -72.7839
   15.5547   -73.1730
   15.5614   -73.3506
   15.5621   -73.0042
   15.5672   -72.7401
   15.5728   -73.1009
   15.5732   -72.9970
   15.5755   -72.9440
   15.5803   -73.3727
   15.5899   -71.4968
   15.5918   -73.4355
   15.5947   -73.1305
   15.5958   -73.0087
   15.5982   -71.6936
   15.6059   -73.7064
   15.6093   -73.7211
   15.6109   -74.0273
   15.6118   -73.5674
   15.6134   -73.5436
   15.6145   -73.4696
   15.6168   -72.0577
   15.6180   -72.9277
   15.6205   -71.3311
   15.6219   -73.7215
   15.6268   -73.4449
   15.6336   -71.7333
   15.6379   -73.0276
   15.6410   -74.2011
   15.6470   -73.3161
   15.6508   -73.7026
   15.6557   -72.0853
   15.6726   -73.5726
   15.6739   -72.2864
   15.6742   -73.3865
   15.6757   -72.3998
   15.6790   -73.0508
   15.6792   -71.3252
   15.6792   -72.9890
   15.6906   -73.3608
   15.6922   -71.5387
   15.6938   -71.9878
   15.6945   -72.0985
   15.7025   -73.4339
   15.7095   -72.2242
   15.7118   -71.7293
   15.7134   -73.6453
   15.7196   -73.0721
   15.7263   -72.9804
   15.7306   -72.2096
   15.7355   -73.4172
   15.7386   -73.7671
   15.7408   -73.3308
   15.7497   -73.9354
   15.7529   -73.3047
   15.7536   -73.3046
   15.7562   -72.7722
   15.7638   -72.8056
   15.7645   -73.5041
   15.7723   -71.9569
   15.7767   -73.8879
   15.7820   -71.4428
   15.7853   -72.7069
   15.7872   -72.1956
   15.7960   -72.9294
   15.7982   -73.6806
   15.8007   -73.1511
   15.8009   -73.3206
   15.8012   -71.8466
   15.8103   -71.9491
   15.8119   -71.7482
   15.8142   -72.9439
   15.8219   -72.7973
   15.8243   -73.4010
   15.8304   -73.4001
   15.8305   -73.3684
   15.8363   -72.8158
   15.8469   -73.1730
   15.8471   -72.1081
   15.8535   -72.9522
   15.8610   -73.6135
   15.8665   -72.7708
   15.8697   -73.3980
   15.8721   -73.1414
   15.8769   -72.8526
   15.8775   -71.9089
   15.8785   -71.4989
   15.8801   -73.5920
   15.8889   -72.6791
   15.8922   -73.4622
   15.8963   -73.2616
   15.8967   -73.5475
   15.9016   -72.6498
   15.9028   -71.8629
   15.9029   -72.9877
   15.9069   -73.7131
   15.9114   -72.7349
   15.9178   -72.9321
   15.9202   -72.6853
   15.9280   -71.8736
   15.9294   -72.1557
   15.9314   -72.3417
   15.9382   -71.4190
   15.9512   -71.3699
   15.9629   -71.7008
   15.9656   -71.6765
   15.9675   -72.1539
   15.9682   -72.0912
   15.9745   -72.5836
   15.9753   -73.0997
   15.9775   -71.9733
   15.9820   -72.7759
   15.9885   -72.7357
   15.9897   -73.1487
   15.9912   -73.0618
   15.9915   -73.4482
   15.9933   -73.1623
   15.9951   -73.3200
   15.9963   -73.5558
   15.9985   -72.6778
   15.9999   -73.3619
   16.0029   -73.4546
   16.0087   -73.2144
   16.0088   -73.0983
   16.0120   -72.0976
   16.0134   -72.2467
   16.0137   -72.6378
   16.0224   -71.3148
   16.0229   -73.0114
   16.0231   -73.3696
   16.0247   -73.0675
   16.0257   -73.4027
   16.0265   -73.3344
   16.0287   -73.0065
   16.0299   -72.9040
   16.0375   -72.4944
   16.0382   -73.5966
   16.0391   -73.4985
   16.0395   -72.9418
   16.0403   -73.3376
   16.0415   -71.6729
   16.0418   -72.3747
   16.0486   -72.2667
   16.0495   -72.9785
   16.0537   -73.0377
   16.0555   -73.1986
   16.0575   -72.7794
   16.0652   -71.3180
   16.0658   -73.3111
   16.0681   -71.7618
   16.0716   -73.2168
   16.0766   -73.2319
   16.0795   -71.6488
   16.0807   -72.4040
   16.0811   -73.4383
   16.0812   -73.5505
   16.0831   -72.8371
   16.0845   -72.7294
   16.0926   -74.0109
   16.0930   -73.2697
   16.0993   -73.4290
   16.1017   -73.2128
   16.1056   -72.8883
   16.1085   -73.3565
   16.1143   -73.3594
   16.1249   -71.4934
   16.1253   -73.2189
   16.1255   -72.2296
   16.1262   -72.5071
   16.1313   -72.6192
   16.1325   -72.6718
   16.1490   -72.3223
   16.1563   -72.8260
   16.1667   -72.3197
   16.1752   -73.4333
   16.1781   -73.0134
   16.1810   -71.3182
   16.1833   -72.3466
   16.1887   -73.0794
   16.2001   -74.1728
   16.2047   -74.0733
   16.2127   -73.2202
   16.2182   -73.0272
   16.2204   -73.4610
   16.2218   -71.6514
   16.2248   -73.5745
   16.2260   -72.9281
   16.2467   -72.4161
   16.2515   -71.8081
   16.2589   -72.7123
   16.2643   -72.3438
   16.2660   -72.8647
   16.2744   -73.7953
   16.2847   -72.3604
   16.2850   -73.2203
   16.2875   -72.6689
   16.2918   -72.8229
   16.2945   -73.5148
   16.2996   -73.1060
   16.3120   -73.3945
   16.3201   -71.9491
   16.3217   -71.8623
   16.3244   -72.0456
   16.3332   -72.6881
   16.3340   -72.0369
   16.3376   -71.5936
   16.3386   -73.7080
   16.3436   -72.0359
   16.3446   -73.0157
   16.3503   -71.6223
   16.3540   -72.2476
   16.3550   -71.5064
   16.3609   -73.1370
   16.3666   -72.6774
   16.3678   -73.6274
   16.3773   -72.3990
   16.3863   -71.5750
   16.3917   -72.7080
   16.3919   -72.1648
   16.3950   -72.1228
   16.3975   -72.7702
   16.4077   -71.8433
   16.4131   -73.6688
   16.4142   -71.4872
   16.4157   -73.1589
   16.4209   -73.3858
   16.4213   -73.2603
   16.4297   -73.0514
   16.4299   -72.1878
   16.4333   -73.0559
   16.4366   -72.8968
   16.4410   -73.3998
   16.4414   -71.5362
   16.4421   -71.7126
   16.4439   -73.2743
   16.4574   -72.3979
   16.4598   -71.3805
   16.4626   -73.1200
   16.4652   -72.8927
   16.4752   -73.4339
   16.4825   -72.4398
   16.4837   -71.9246
   16.4844   -72.7989
   16.4846   -71.3557
   16.4901   -73.5847
   16.5002   -73.5776
   16.5027   -72.4484
   16.5033   -71.6939
   16.5101   -72.5869
   16.5170   -71.5139
   16.5175   -73.3140
   16.5211   -72.8829
   16.5302   -71.7443
   16.5343   -73.7423
   16.5358   -71.7016
   16.5363   -74.1959
   16.5371   -72.5146
   16.5510   -73.8710
   16.5582   -73.1502
   16.5629   -73.4974
   16.5718   -73.1668
   16.5784   -74.1128
   16.5850   -73.6452
   16.5903   -73.4451
   16.5947   -72.5321
   16.5965   -73.6876
   16.6182   -72.9029
   16.6228   -73.5266
   16.6250   -72.0208
   16.6278   -73.2656
   16.6295   -72.6630
   16.6318   -73.0151
   16.6353   -71.9212
   16.6385   -72.2029
   16.6403   -72.1547
   16.6457   -72.9506
   16.6468   -72.9797
   16.6520   -72.1108
   16.6558   -72.0678
   16.6624   -73.1997
   16.6685   -73.3756
   16.6882   -73.0687
   16.6901   -73.3510
   16.6939   -72.2881
   16.6958   -73.4887
   16.6971   -71.6156
   16.6999   -73.2076
   16.7009   -73.4291
   16.7042   -71.4897
   16.7058   -73.4607
   16.7069   -72.4918
   16.7078   -72.4984
   16.7147   -73.3125
   16.7215   -72.5846
   16.7222   -71.6182
   16.7347   -72.3014
   16.7357   -74.1256
   16.7447   -73.8570
   16.7458   -73.0363
   16.7464   -71.6852
   16.7473   -72.2330
   16.7503   -73.6384
   16.7516   -71.5730
   16.7519   -72.0648
   16.7539   -74.1020
   16.7602   -71.8909
   16.7638   -72.9852
   16.7698   -72.2222
   16.7711   -72.5196
   16.7730   -71.6067
   16.7731   -72.6338
   16.7822   -71.8069
   16.7985   -74.1923
   16.8100   -71.9197
   16.8140   -73.6238
   16.8150   -73.3774
   16.8153   -71.7144
   16.8185   -72.4368
   16.8216   -71.9504
   16.8259   -73.3756
   16.8267   -73.3457
   16.8320   -71.9581
   16.8327   -72.5954
   16.8369   -73.2120
   16.8395   -71.7627
   16.8400   -72.6496
   16.8402   -71.7843
   16.8437   -74.0229
   16.8485   -72.2257
   16.8488   -73.0903
   16.8508   -72.4941
   16.8509   -72.7116
   16.8528   -71.7758
   16.8531   -72.5224
   16.8558   -73.0412
   16.8644   -73.1129
   16.8655   -73.3730
   16.8685   -73.1701
   16.8749   -73.1975
   16.8782   -71.3671
   16.8870   -71.7458
   16.8918   -73.1208
   16.8945   -72.8839
   16.8946   -71.9108
   16.8974   -72.7289
   16.9005   -72.7786
   16.9005   -73.6927
   16.9070   -72.8023
   16.9106   -72.6766
   16.9152   -73.5674
   16.9327   -73.5108
   16.9335   -72.3228
   16.9508   -73.4400
   16.9645   -72.9576
   16.9743   -71.8383
   16.9839   -72.3695
   16.9861   -72.3416
   16.9888   -72.7155
   16.9902   -73.3089
   16.9907   -72.8197
   16.9917   -71.9154
   17.0132   -73.3197
   17.0133   -72.8158
   17.0220   -73.2116
   17.0282   -73.5265
   17.0355   -72.3881
   17.0411   -72.4303
   17.0463   -73.0085
   17.0464   -73.0722
   17.0488   -73.6646
   17.0510   -72.5396
   17.0537   -71.6691
   17.0654   -72.0687
   17.0694   -73.4011
   17.0742   -72.7385
   17.0751   -73.8427
   17.0770   -72.6766
   17.0882   -73.9400
   17.0894   -73.2075
   17.1062   -72.8650
   17.1172   -71.6291
   17.1449   -72.6007
   17.1525   -72.5806
   17.1553   -73.7032
   17.1671   -72.5906
   17.1698   -73.2176
   17.1838   -72.6925
   17.1864   -72.8946
   17.1961   -74.1571
   17.2064   -72.4214
   17.2165   -72.1224
   17.2176   -71.4638
   17.2222   -73.2111
   17.2387   -72.0603
   17.2389   -71.2651
   17.2398   -73.4674
   17.2404   -72.8515
   17.2499   -71.8705
   17.2503   -72.6085
   17.2528   -71.4680
   17.2581   -71.9793
   17.2636   -73.6002
   17.2637   -72.1161
   17.2675   -73.3072
   17.2689   -71.4346
   17.2702   -72.3375
   17.2814   -72.9183
   17.2850   -73.3194
   17.2926   -72.6452
   17.2933   -73.4251
   17.2966   -72.6964
   17.3120   -73.2804
   17.3218   -71.4366
   17.3256   -73.0286
   17.3277   -71.6201
   17.3327   -71.4898
   17.3338   -71.3778
   17.3385   -72.5060
   17.3390   -72.3218
   17.3407   -71.7998
   17.3436   -71.7260
   17.3532   -72.5589
   17.3542   -71.3030
   17.3558   -73.2967
   17.3682   -73.0922
   17.3692   -73.9868
   17.3775   -72.2084
   17.3908   -73.1501
   17.3968   -73.3416
   17.4040   -72.9616
   17.4192   -73.0641
   17.4198   -73.7183
   17.4212   -71.7388
   17.4220   -71.2862
   17.4238   -71.3345
   17.4269   -72.2934
   17.4283   -71.8249
   17.4365   -72.8488
   17.4413   -71.5796
   17.4449   -73.5763
   17.4468   -73.0243
   17.4576   -71.8092
   17.4606   -71.2824
   17.4727   -73.1205
   17.4735   -73.1928
   17.4789   -73.2695
   17.4882   -71.4331
   17.4887   -71.9819
   17.4935   -73.6963
   17.4958   -72.7280
   17.5087   -72.6937
   17.5090   -72.3902
   17.5093   -71.9950
   17.5118   -72.5354
   17.5193   -74.0469
   17.5244   -72.0912
   17.5252   -73.0712
   17.5276   -73.6514
   17.5469   -73.3736
   17.5474   -73.1768
   17.5526   -72.4898
   17.5555   -71.3344
   17.5625   -73.1469
   17.5730   -72.6483
   17.5826   -73.2180
   17.6013   -72.5750
   17.6110   -73.4877
   17.6163   -72.4454
   17.6210   -73.9222
   17.6285   -72.9108
   17.6353   -71.4435
   17.6375   -71.9595
   17.6442   -72.6648
   17.6495   -72.9323
   17.6509   -72.9205
   17.6614   -72.9016
   17.6626   -72.8028
   17.6707   -72.7686
   17.6742   -71.4832
   17.6985   -72.6623
   17.7031   -72.6786
   17.7055   -72.7927
   17.7236   -72.9039
   17.7398   -72.5021
   17.7434   -72.5342
   17.7435   -73.1573
   17.7617   -73.6973
   17.7617   -72.9028
   17.7680   -72.7405
   17.7749   -72.4203
   17.7843   -71.6029
   17.7887   -72.6264
   17.7963   -74.0613
   17.7964   -72.0801
   17.8094   -72.9025
   17.8160   -72.9171
   17.8321   -73.7271
   17.8377   -72.7718
   17.8451   -71.5966
   17.8500   -72.4508
   17.8573   -72.8855
   17.8652   -71.9567
   17.8732   -71.6774
   17.8906   -72.1849
   17.9044   -72.8968
   17.9080   -72.9674
   17.9080   -73.4162
   17.9099   -72.3926
   17.9114   -72.9086
   17.9147   -71.6913
   17.9205   -71.4537
   17.9227   -71.8449
   17.9257   -71.4373
   17.9261   -72.6069
   17.9356   -71.3612
   17.9383   -73.6586
   17.9417   -72.2149
   17.9430   -71.6242
   17.9456   -72.7468
   17.9508   -71.9309
   17.9521   -72.8416
   17.9659   -73.2465
   17.9823   -72.7217
   17.9898   -73.3524
   17.9924   -72.1310
   17.9957   -72.2201
   18.0170   -72.0413
   18.0257   -72.4303
   18.0298   -71.3649
   18.0364   -71.7864
   18.0365   -72.7588
   18.0655   -73.0657
   18.0702   -73.9172
   18.0787   -71.5807
   18.0906   -72.7429
   18.0988   -71.8291
   18.1042   -72.6297
   18.1152   -72.1673
   18.1601   -73.0310
   18.1613   -71.3217
   18.1680   -72.5978
   18.1717   -71.4847
   18.1777   -72.7794
   18.1815   -71.7440
   18.1827   -71.6621
   18.1830   -73.9165
   18.1935   -71.7009
   18.1945   -72.4271
   18.2002   -73.3009
   18.2060   -72.0142
   18.2091   -71.5993
   18.2362   -73.5181
   18.2392   -72.3418
   18.2403   -73.0835
   18.2756   -73.0312
   18.2975   -72.5143
   18.2999   -73.7281
   18.3005   -72.8754
   18.3145   -72.5518
   18.3167   -73.4023
   18.3179   -71.5384
   18.3232   -72.4628
   18.3248   -72.8387
   18.3257   -72.9981
   18.3408   -71.6437
   18.3575   -73.6277
   18.3615   -72.8762
   18.3636   -72.6106
   18.3746   -71.6644
   18.3750   -72.2419
   18.3836   -72.5006
   18.4083   -73.9810
   18.4251   -73.5553
   18.4267   -71.6943
   18.4274   -73.4825
   18.4276   -74.1959
   18.4316   -71.4218
   18.4439   -72.1953
   18.4445   -73.3548
   18.4520   -72.4099
   18.4560   -73.1031
   18.4620   -71.5340
   18.4724   -71.4928
   18.4742   -72.7679
   18.4778   -71.6218
   18.4911   -73.3574
   18.5003   -73.7004
   18.5664   -72.5183
   18.5670   -71.4505
   18.5672   -71.5146
   18.5701   -72.7172
   18.5745   -73.1231
   18.5783   -72.7634
   18.5937   -73.9326
   18.5938   -71.7724
   18.6180   -73.4096
   18.6420   -71.7437
   18.6551   -71.5001
   18.6570   -72.8057
   18.6619   -72.9137
   18.6650   -72.6276
   18.6698   -71.7902
   18.6777   -71.7387
   18.7181   -71.5483
   18.7235   -72.7874
   18.7463   -73.2211
   18.7636   -72.6890
   18.7678   -72.5765
   18.7730   -72.7704
   18.7777   -71.6942
   18.7974   -74.1086
   18.8555   -72.6773
   18.8827   -74.0988
   18.8881   -71.5996
   18.9104   -73.0770
   18.9178   -71.6921
   18.9267   -73.8069
   18.9325   -73.6662
   18.9548   -72.2343
   18.9587   -72.5392
   18.9635   -71.7041
   18.9934   -72.2996
   18.9942   -73.0095
   18.9977   -71.3459
   19.0229   -72.3474
   19.0547   -73.6141
   19.0573   -71.6862
   19.0600   -73.6427
   19.1022   -72.0344
   19.1291   -72.4019
   19.1295   -72.8818
   19.1367   -72.0883
   19.1824   -72.2631
   19.2032   -72.5023
   19.2071   -71.4345
   19.2337   -73.3794
   19.2447   -71.9358
   19.2987   -71.5189
   19.3020   -73.0630
   19.3117   -73.0810
   19.3220   -72.9459
   19.3569   -73.1576
   19.4102   -71.7631
   19.4240   -72.3874
   19.4446   -73.4681
   19.5079   -72.1037
   19.5372   -72.5238
   19.5675   -71.6912
   19.5718   -72.1389
   19.6095   -72.8504
   19.6380   -72.4624
   19.6820   -73.6951
   19.7072   -72.4633
   19.7347   -72.8290
   19.7827   -72.0757
   19.8034   -73.3866
   19.8274   -73.6368
   19.8457   -73.9173
   19.8811   -72.6046
   19.9228   -72.0001
   19.9626   -74.0207
   20.0257   -72.5285
   20.0313   -73.0568
   20.0388   -72.8489
   20.2135   -72.5060
   20.2745   -73.3802
   20.3267   -71.8301
   20.3708   -72.9852
   20.4502   -72.6335
   20.5308   -71.5300
   20.5335   -72.9650
   20.6634   -73.2113
   20.7051   -72.4165
   20.8345   -73.2704
   20.9872   -72.7255
   20.9958   -73.9708
   21.0807   -72.9670
   21.1623   -73.0456
