00 20 07.87 -74 32 54.7
00 21 53.89 -72 22 22.7
00 21 56.36 -73 54 55.9
00 22 04.27 -73 26 55.2
00 22 18.76 -74 27 33.8
00 22 25.60 -73 47 03.5
00 22 29.29 -73 54 16.3
00 22 30.54 -73 07 35.5
00 22 40.45 -73 31 00.7
00 22 49.05 -73 50 25.5
00 22 49.16 -74 13 23.1
00 22 57.88 -73 37 46.7
00 23 10.02 -73 31 26.2
00 23 40.14 -73 23 56.8
00 23 40.99 -73 45 50.3
00 23 43.98 -73 22 56.4
00 24 01.15 -73 35 52.6
00 24 07.20 -73 56 26.3
00 24 07.85 -73 54 45.5
00 24 10.46 -73 26 31.6
00 24 20.31 -73 55 27.4
00 24 23.20 -74 03 54.6
00 24 33.82 -73 02 24.0
00 24 34.59 -73 18 27.4
00 24 54.71 -73 59 38.2
00 24 59.29 -73 21 35.1
00 25 07.78 -73 19 13.0
00 25 11.85 -73 39 31.8
00 25 16.87 -74 07 57.5
00 25 17.22 -74 03 57.1
00 25 20.56 -73 35 39.7
00 25 27.62 -73 48 31.9
00 25 27.85 -73 32 18.7
00 25 57.48 -74 14 41.5
00 26 02.16 -73 55 26.9
00 26 06.13 -73 53 59.2
00 26 11.47 -73 37 30.3
00 26 18.66 -73 32 26.3
00 26 33.56 -74 20 52.4
00 26 43.61 -73 32 36.2
00 26 44.21 -72 46 35.2
00 26 46.58 -73 06 41.1
00 27 22.59 -73 31 24.0
00 27 24.58 -73 15 56.0
00 27 36.66 -73 45 41.1
00 27 44.48 -74 04 55.3
00 28 01.33 -74 04 53.1
00 28 01.67 -73 24 35.3
00 28 14.34 -73 51 56.2
00 28 19.47 -73 55 32.5
00 28 24.70 -72 28 37.0
00 28 27.25 -70 51 08.1
00 28 30.25 -74 23 02.7
00 28 38.94 -74 07 29.9
00 28 40.59 -73 36 00.3
00 29 08.87 -72 53 09.9
00 29 17.98 -74 19 44.4
00 29 19.63 -74 03 01.2
00 29 23.76 -73 57 03.3
00 29 34.95 -73 43 16.7
00 29 44.79 -73 46 14.9
00 29 49.19 -74 05 30.2
00 29 57.17 -74 00 53.0
00 30 08.97 -73 24 11.9
00 30 11.91 -73 44 07.0
00 30 16.22 -73 25 11.5
00 30 27.61 -73 27 26.2
00 30 34.89 -72 59 09.9
00 30 44.31 -73 28 10.4
00 30 45.26 -74 00 53.2
00 30 46.61 -73 37 53.3
00 31 10.94 -73 05 29.9
00 31 13.34 -73 29 01.1
00 31 28.31 -72 45 19.5
00 31 34.47 -72 52 26.1
00 31 35.59 -73 52 55.9
00 31 39.69 -72 40 34.7
00 31 54.44 -72 56 24.8
00 31 57.79 -73 37 33.0
00 32 06.06 -73 45 18.8
00 33 05.84 -72 55 23.6
00 33 08.55 -73 52 04.8
00 33 14.57 -73 12 01.4
00 33 20.13 -73 44 11.3
00 33 23.19 -73 40 50.1
00 33 31.81 -73 38 00.9
00 33 34.11 -72 45 45.6
00 33 37.88 -73 31 39.5
00 33 57.23 -73 59 37.8
00 34 08.60 -73 49 46.7
00 34 09.85 -73 09 49.7
00 34 28.58 -74 02 45.2
00 34 32.84 -73 12 04.2
00 34 33.39 -74 00 35.9
00 34 35.20 -73 21 26.9
00 34 37.98 -74 12 03.8
00 34 41.97 -73 44 17.6
00 34 44.37 -73 04 31.3
00 34 46.03 -73 05 45.9
00 34 48.07 -73 28 15.7
00 34 49.51 -73 06 13.2
00 34 54.30 -73 46 47.9
00 34 56.69 -74 18 35.7
00 35 02.77 -73 26 26.5
00 35 07.21 -73 14 40.4
00 35 09.58 -73 49 03.8
00 35 16.14 -73 05 08.2
00 35 18.43 -73 22 11.6
00 35 33.10 -73 31 12.1
00 35 36.58 -73 36 05.4
00 35 41.43 -73 40 15.7
00 35 42.23 -74 06 53.2
00 35 42.30 -73 00 49.8
00 35 42.68 -73 52 00.9
00 35 44.86 -73 26 25.7
00 35 50.05 -73 06 09.7
00 35 51.62 -74 03 43.9
00 35 57.93 -72 58 13.7
00 35 58.62 -73 28 57.1
00 36 10.27 -73 56 40.6
00 36 11.18 -73 45 02.2
00 36 13.75 -73 59 07.0
00 36 18.11 -73 46 24.9
00 36 26.83 -73 43 36.6
00 36 32.33 -74 04 31.0
00 36 55.98 -73 04 23.9
00 37 01.02 -74 14 54.4
00 37 18.89 -74 08 50.0
00 37 26.48 -73 56 08.2
00 37 28.97 -73 58 00.2
00 37 31.09 -73 45 54.9
00 37 32.22 -74 03 49.6
00 37 35.42 -74 07 59.7
00 37 35.61 -74 34 43.6
00 37 40.75 -74 12 23.8
00 37 40.97 -73 43 05.4
00 37 41.67 -74 45 31.5
00 37 44.16 -74 47 55.4
00 37 44.42 -74 14 48.7
00 37 57.50 -74 02 51.2
00 37 58.81 -73 10 24.0
00 38 00.96 -74 09 42.0
00 38 01.04 -73 34 32.9
00 38 11.55 -73 25 00.7
00 38 13.87 -73 43 56.3
00 38 15.95 -73 58 41.2
00 38 16.97 -73 48 52.9
00 38 24.45 -73 52 55.3
00 38 35.77 -73 57 24.0
00 38 38.03 -74 27 29.6
00 38 44.68 -72 47 12.9
00 38 57.09 -73 48 47.7
00 38 58.37 -73 59 42.4
00 38 58.48 -73 48 31.9
00 39 04.30 -73 16 52.6
00 39 05.17 -72 47 12.4
00 39 08.83 -72 58 39.7
00 39 10.52 -72 42 55.9
00 39 21.09 -73 46 47.5
00 39 29.05 -73 41 56.7
00 39 30.82 -74 15 48.4
00 39 36.50 -73 39 04.2
00 39 36.80 -73 34 54.5
00 39 42.62 -72 56 45.6
00 39 42.62 -74 27 56.8
00 39 43.87 -74 20 44.7
00 39 48.30 -73 54 55.4
00 39 49.52 -74 31 05.4
00 39 50.09 -73 29 57.4
00 39 56.92 -73 01 18.6
00 40 00.00 -73 55 36.6
00 40 00.04 -73 29 56.7
00 40 08.58 -72 41 30.8
00 40 09.34 -74 21 15.4
00 40 13.61 -73 41 37.4
00 40 14.30 -74 06 38.1
00 40 19.95 -73 00 52.5
00 40 21.99 -73 27 41.7
00 40 24.56 -73 52 43.7
00 40 27.33 -73 12 25.6
00 40 27.67 -73 12 15.6
00 40 28.36 -72 49 08.0
00 40 28.89 -72 52 40.7
00 40 29.90 -73 11 33.8
00 40 30.23 -73 04 54.6
00 40 38.17 -74 03 08.2
00 40 40.98 -73 56 42.7
00 40 41.58 -73 20 26.4
00 40 45.21 -74 06 16.9
00 40 47.16 -74 05 23.9
00 40 49.78 -73 17 15.7
00 40 50.01 -74 04 30.4
00 40 51.65 -73 15 20.0
00 40 54.43 -74 13 49.4
00 40 57.51 -74 42 34.3
00 41 00.24 -73 52 52.3
00 41 01.33 -73 55 56.7
00 41 05.89 -73 24 54.5
00 41 06.20 -72 42 59.6
00 41 07.73 -73 15 16.0
00 41 10.41 -72 33 17.6
00 41 10.78 -73 48 48.2
00 41 10.97 -73 49 42.9
00 41 14.40 -73 32 34.8
00 41 15.15 -73 05 22.9
00 41 15.84 -72 34 45.2
00 41 20.00 -74 00 35.2
00 41 21.05 -73 15 23.9
00 41 24.03 -73 21 40.5
00 41 26.47 -73 04 36.7
00 41 27.93 -73 13 17.1
00 41 39.02 -73 00 55.6
00 41 41.48 -74 12 09.4
00 41 42.56 -74 22 11.8
00 41 44.70 -73 14 33.2
00 41 45.37 -72 59 58.6
00 41 46.14 -73 14 14.9
00 41 48.54 -73 17 41.2
00 41 50.67 -73 10 19.8
00 41 52.53 -73 25 25.9
00 41 52.78 -72 44 31.8
00 41 53.17 -73 09 45.4
00 41 55.58 -73 08 05.0
00 41 56.31 -72 56 39.6
00 41 58.64 -74 09 14.4
00 41 59.51 -73 04 46.4
00 41 59.54 -73 26 13.2
00 42 00.09 -73 20 19.0
00 42 04.95 -73 38 29.8
00 42 05.80 -73 02 31.5
00 42 06.04 -73 03 41.3
00 42 06.19 -73 17 57.7
00 42 08.17 -72 57 08.9
00 42 10.73 -73 21 07.9
00 42 11.79 -73 06 59.9
00 42 14.72 -73 04 04.7
00 42 15.21 -73 42 43.1
00 42 19.92 -74 02 09.3
00 42 20.23 -72 36 07.7
00 42 22.09 -73 51 09.8
00 42 22.50 -73 03 25.5
00 42 22.91 -73 22 10.1
00 42 26.49 -72 56 11.5
00 42 33.03 -72 55 47.1
00 42 34.81 -73 25 38.1
00 42 35.09 -73 55 27.0
00 42 35.81 -73 03 48.1
00 42 40.37 -73 46 43.8
00 42 41.17 -73 12 07.3
00 42 41.47 -72 38 55.8
00 42 42.66 -74 31 50.6
00 42 50.47 -73 14 25.2
00 42 50.68 -74 38 08.1
00 42 50.72 -73 30 18.1
00 42 51.80 -73 03 12.3
00 42 51.83 -73 51 41.2
00 42 53.20 -72 29 32.7
00 42 55.46 -73 21 08.1
00 42 56.06 -73 09 35.6
00 42 56.80 -73 07 20.1
00 42 58.07 -73 20 05.5
00 42 58.32 -73 05 30.2
00 42 58.52 -73 07 23.9
00 42 59.03 -73 10 04.3
00 42 59.12 -73 38 53.6
00 43 00.16 -73 18 15.1
00 43 00.24 -73 10 28.4
00 43 00.55 -72 58 10.5
00 43 00.63 -73 05 28.9
00 43 02.12 -73 10 29.4
00 43 02.38 -73 08 56.5
00 43 02.64 -73 53 29.4
00 43 03.91 -73 25 19.7
00 43 05.20 -73 33 59.7
00 43 05.31 -73 12 03.6
00 43 05.86 -73 04 55.9
00 43 12.45 -73 19 39.9
00 43 15.43 -72 45 55.7
00 43 17.30 -73 05 01.1
00 43 21.05 -73 08 43.9
00 43 21.83 -74 02 59.1
00 43 25.12 -72 50 42.4
00 43 25.70 -74 27 38.7
00 43 26.26 -73 15 15.8
00 43 27.99 -74 33 23.2
00 43 28.22 -73 08 38.3
00 43 29.36 -74 37 26.4
00 43 30.32 -72 37 00.0
00 43 34.48 -73 14 09.5
00 43 35.78 -74 00 34.7
00 43 36.32 -73 38 52.4
00 43 37.06 -73 07 44.2
00 43 37.66 -72 50 54.0
00 43 37.80 -72 59 33.4
00 43 38.04 -73 05 01.9
00 43 39.02 -73 02 17.1
00 43 39.10 -73 59 02.9
00 43 39.15 -72 52 29.3
00 43 39.49 -72 58 09.1
00 43 42.25 -74 10 48.3
00 43 43.10 -72 47 50.7
00 43 43.68 -73 05 24.2
00 43 44.74 -74 05 52.9
00 43 47.49 -73 20 07.8
00 43 48.26 -72 39 56.2
00 43 52.70 -73 18 11.9
00 43 53.67 -73 14 01.2
00 43 54.38 -73 45 05.6
00 43 55.44 -72 59 45.0
00 43 55.48 -73 08 24.3
00 43 57.30 -73 11 29.8
00 43 58.80 -72 58 27.5
00 43 59.39 -73 19 51.7
00 44 00.19 -73 59 30.5
00 44 01.82 -73 08 25.9
00 44 03.13 -72 55 13.7
00 44 03.14 -73 16 37.4
00 44 03.19 -73 12 29.8
00 44 03.45 -73 15 55.9
00 44 03.84 -72 57 07.8
00 44 04.50 -73 15 37.8
00 44 04.60 -72 56 04.7
00 44 04.78 -73 05 09.6
00 44 05.64 -73 02 39.6
00 44 05.77 -73 10 41.0
00 44 10.48 -73 28 32.2
00 44 10.67 -72 44 42.3
00 44 11.15 -73 37 37.7
00 44 11.99 -74 21 46.7
00 44 12.51 -73 29 42.2
00 44 14.27 -73 07 33.6
00 44 14.78 -73 20 55.9
00 44 15.38 -73 11 37.9
00 44 17.13 -74 13 56.2
00 44 18.83 -73 12 48.8
00 44 20.84 -73 11 58.8
00 44 21.27 -73 04 42.4
00 44 23.74 -72 47 02.2
00 44 24.00 -73 16 31.8
00 44 25.46 -74 24 50.0
00 44 25.62 -72 46 00.0
00 44 26.27 -74 02 36.2
00 44 26.69 -73 22 46.1
00 44 26.85 -72 51 03.7
00 44 27.48 -72 53 45.6
00 44 28.39 -73 27 24.5
00 44 28.40 -72 47 25.1
00 44 29.00 -73 23 05.5
00 44 30.71 -73 54 05.8
00 44 30.89 -72 26 52.9
00 44 30.94 -72 49 34.3
00 44 32.93 -72 48 39.3
00 44 37.90 -73 08 12.8
00 44 38.05 -73 28 00.5
00 44 38.08 -73 02 47.7
00 44 38.12 -74 01 21.1
00 44 39.65 -73 15 47.9
00 44 41.38 -73 08 02.5
00 44 42.10 -73 42 22.7
00 44 42.85 -73 17 20.3
00 44 42.95 -73 11 26.8
00 44 43.68 -73 24 21.2
00 44 43.69 -73 10 33.6
00 44 44.86 -73 19 52.2
00 44 45.64 -72 45 24.9
00 44 46.12 -73 13 41.5
00 44 46.84 -73 07 59.9
00 44 47.79 -73 13 06.4
00 44 50.07 -73 21 29.9
00 44 51.69 -73 33 57.3
00 44 53.03 -73 16 02.1
00 44 53.57 -73 17 24.0
00 44 54.03 -73 26 16.9
00 44 57.23 -73 54 41.1
00 45 00.30 -73 15 03.6
00 45 01.40 -73 12 31.9
00 45 01.89 -74 00 25.4
00 45 03.46 -73 15 17.0
00 45 04.20 -73 10 12.2
00 45 04.34 -72 44 50.4
00 45 04.70 -72 59 04.8
00 45 04.90 -72 56 11.6
00 45 05.74 -73 19 27.7
00 45 06.05 -73 17 18.9
00 45 06.18 -73 09 11.2
00 45 06.70 -72 54 50.9
00 45 08.85 -72 58 02.4
00 45 10.05 -73 18 58.1
00 45 11.68 -73 27 07.2
00 45 11.90 -72 50 22.6
00 45 12.38 -72 57 36.9
00 45 12.57 -73 11 47.0
00 45 13.16 -73 15 01.0
00 45 13.40 -72 48 39.1
00 45 14.48 -73 29 26.7
00 45 14.55 -73 12 37.9
00 45 16.29 -72 53 20.4
00 45 18.04 -73 08 13.6
00 45 18.63 -73 29 22.5
00 45 19.40 -73 13 30.8
00 45 19.89 -73 33 55.4
00 45 21.75 -73 18 26.9
00 45 23.32 -73 13 13.2
00 45 23.43 -73 02 13.8
00 45 23.57 -72 59 08.0
00 45 24.55 -73 02 58.6
00 45 24.95 -73 15 55.4
00 45 25.06 -73 11 46.7
00 45 25.14 -73 08 52.7
00 45 26.71 -72 27 11.3
00 45 30.41 -73 06 49.3
00 45 33.85 -73 43 26.4
00 45 35.12 -73 25 29.8
00 45 36.05 -73 22 00.9
00 45 38.34 -73 02 32.6
00 45 38.53 -73 14 53.3
00 45 38.87 -72 55 50.2
00 45 39.77 -72 52 53.7
00 45 40.25 -73 34 16.6
00 45 41.49 -73 12 55.0
00 45 42.33 -73 18 15.4
00 45 42.65 -72 52 40.5
00 45 43.75 -73 23 55.5
00 45 45.76 -73 32 15.1
00 45 47.59 -72 53 19.7
00 45 48.81 -74 19 09.7
00 45 51.03 -73 06 56.8
00 45 52.43 -73 54 34.6
00 45 52.77 -72 59 36.7
00 45 52.82 -72 53 34.7
00 45 53.67 -73 09 15.7
00 45 55.55 -73 30 23.4
00 45 55.98 -73 09 45.2
00 45 56.31 -73 10 01.1
00 45 56.65 -73 10 45.5
00 45 57.69 -72 55 17.4
00 45 57.88 -73 46 46.7
00 45 58.88 -73 23 08.3
00 45 59.01 -73 21 41.7
00 45 59.06 -73 10 18.5
00 45 59.67 -72 51 20.4
00 46 00.17 -72 55 33.7
00 46 02.27 -73 06 55.3
00 46 03.09 -73 40 50.6
00 46 03.67 -73 05 25.6
00 46 03.71 -73 03 56.9
00 46 03.99 -72 47 27.3
00 46 04.18 -73 08 48.8
00 46 04.20 -73 27 13.9
00 46 04.93 -73 19 14.4
00 46 06.74 -72 40 55.7
00 46 07.59 -73 35 22.2
00 46 07.62 -73 27 37.0
00 46 08.98 -73 24 42.6
00 46 09.10 -72 29 06.4
00 46 11.14 -74 27 37.0
00 46 11.84 -73 07 48.3
00 46 12.19 -72 44 09.6
00 46 12.34 -73 23 42.1
00 46 15.61 -73 14 25.2
00 46 16.90 -73 42 51.9
00 46 17.02 -73 19 30.9
00 46 17.30 -73 07 33.8
00 46 18.57 -73 42 22.4
00 46 18.72 -73 07 16.2
00 46 18.74 -72 57 43.8
00 46 19.21 -72 57 16.1
00 46 19.88 -73 17 00.2
00 46 21.20 -73 31 03.2
00 46 22.72 -72 56 09.0
00 46 23.97 -73 29 16.0
00 46 25.06 -73 39 49.8
00 46 27.65 -72 53 57.4
00 46 28.72 -73 23 07.0
00 46 29.89 -73 02 04.8
00 46 29.95 -73 22 57.8
00 46 30.43 -73 19 22.9
00 46 30.81 -72 49 43.8
00 46 31.12 -73 07 09.8
00 46 31.45 -73 18 59.3
00 46 31.95 -72 55 33.6
00 46 32.18 -73 12 34.0
00 46 34.54 -73 02 02.3
00 46 34.79 -73 14 21.6
00 46 34.95 -73 06 44.0
00 46 35.11 -73 10 27.4
00 46 37.41 -73 12 14.9
00 46 37.99 -74 23 46.7
00 46 39.33 -73 03 45.8
00 46 39.49 -73 40 04.6
00 46 40.79 -72 45 34.6
00 46 40.86 -73 24 35.1
00 46 44.05 -72 46 42.7
00 46 44.20 -72 17 17.5
00 46 44.72 -72 57 35.7
00 46 46.39 -72 20 34.5
00 46 47.80 -73 17 18.0
00 46 47.86 -73 55 12.7
00 46 50.32 -72 55 33.2
00 46 50.42 -72 32 36.0
00 46 50.84 -73 35 17.2
00 46 51.51 -73 10 16.9
00 46 52.14 -73 20 35.9
00 46 53.90 -72 56 01.1
00 46 54.24 -73 15 23.5
00 46 55.45 -72 44 43.3
00 46 57.80 -73 17 11.3
00 46 58.82 -73 14 44.5
00 46 59.71 -73 29 20.3
00 47 00.15 -72 31 52.6
00 47 00.81 -73 09 02.4
00 47 02.63 -73 18 58.9
00 47 02.98 -72 56 03.0
00 47 03.36 -73 02 04.1
00 47 03.42 -72 40 21.7
00 47 04.05 -73 12 43.6
00 47 05.53 -73 15 17.8
00 47 06.22 -73 35 02.5
00 47 06.28 -73 20 17.0
00 47 07.73 -72 42 10.8
00 47 08.92 -72 48 34.8
00 47 09.28 -73 06 47.2
00 47 09.29 -73 17 16.4
00 47 09.88 -73 10 09.9
00 47 11.98 -73 28 54.3
00 47 14.77 -72 36 33.4
00 47 15.38 -73 12 50.5
00 47 17.77 -73 09 04.1
00 47 17.86 -72 51 19.0
00 47 18.76 -73 17 16.4
00 47 19.14 -73 19 15.6
00 47 19.78 -73 26 33.2
00 47 19.82 -73 19 15.8
00 47 20.23 -73 26 17.9
00 47 20.75 -73 37 35.3
00 47 20.81 -73 35 08.2
00 47 21.65 -72 58 13.1
00 47 21.71 -73 06 11.6
00 47 24.63 -72 40 50.6
00 47 24.64 -73 20 14.9
00 47 25.32 -73 32 38.1
00 47 29.30 -73 30 27.6
00 47 31.35 -72 45 51.7
00 47 32.39 -73 13 35.2
00 47 32.81 -72 55 08.6
00 47 34.02 -72 34 26.5
00 47 34.12 -72 51 55.9
00 47 35.91 -72 43 07.0
00 47 36.41 -73 32 53.1
00 47 36.92 -72 25 36.5
00 47 38.77 -73 12 50.3
00 47 38.87 -73 53 18.0
00 47 39.59 -73 29 13.9
00 47 39.60 -73 22 32.9
00 47 40.63 -73 12 57.7
00 47 41.19 -73 20 47.3
00 47 41.37 -73 37 29.5
00 47 41.44 -73 02 04.0
00 47 42.10 -72 34 32.4
00 47 42.86 -73 00 46.2
00 47 44.64 -73 17 45.7
00 47 45.43 -73 32 42.1
00 47 46.81 -73 01 06.0
00 47 46.83 -73 03 26.9
00 47 47.98 -72 45 35.0
00 47 48.00 -73 12 49.5
00 47 48.16 -73 05 58.5
00 47 48.21 -73 25 13.8
00 47 48.73 -74 03 56.0
00 47 50.59 -72 40 00.3
00 47 51.91 -72 41 14.9
00 47 52.40 -72 53 15.3
00 47 52.43 -73 03 50.7
00 47 53.43 -72 50 19.3
00 47 53.65 -72 39 30.8
00 47 55.68 -72 56 28.8
00 47 55.76 -74 06 29.9
00 47 56.32 -73 24 45.5
00 47 56.60 -73 29 21.7
00 47 58.03 -73 23 10.9
00 47 59.03 -71 42 05.7
00 47 59.67 -73 01 11.2
00 47 59.74 -72 55 12.8
00 47 59.92 -73 00 18.6
00 48 00.51 -73 29 04.6
00 48 00.94 -73 10 13.7
00 48 01.03 -73 29 10.9
00 48 01.10 -72 59 45.5
00 48 02.52 -72 51 26.9
00 48 02.52 -73 04 14.0
00 48 02.99 -72 19 40.3
00 48 03.84 -72 56 22.7
00 48 04.94 -73 32 55.1
00 48 05.14 -72 37 17.5
00 48 06.14 -73 15 19.1
00 48 06.17 -72 49 40.8
00 48 06.48 -73 03 34.1
00 48 07.14 -74 02 00.8
00 48 07.37 -73 04 53.8
00 48 07.46 -72 47 20.1
00 48 07.68 -72 25 59.0
00 48 08.06 -73 14 19.4
00 48 08.16 -72 51 08.0
00 48 08.24 -73 17 46.7
00 48 08.63 -72 40 25.2
00 48 09.88 -73 56 29.0
00 48 12.11 -72 47 33.7
00 48 12.62 -73 00 53.7
00 48 12.63 -73 13 19.7
00 48 13.51 -73 11 38.2
00 48 14.10 -73 05 02.5
00 48 14.20 -73 34 52.7
00 48 14.51 -72 47 39.8
00 48 14.53 -73 19 33.6
00 48 14.90 -73 04 18.6
00 48 15.09 -73 28 00.4
00 48 15.35 -72 38 05.5
00 48 16.28 -72 56 37.7
00 48 16.82 -73 29 56.9
00 48 17.11 -72 59 21.1
00 48 17.61 -72 49 39.4
00 48 19.46 -73 09 34.4
00 48 20.35 -73 20 22.6
00 48 20.58 -73 30 43.9
00 48 22.61 -73 23 51.5
00 48 23.05 -73 30 58.3
00 48 23.35 -73 07 14.4
00 48 23.84 -73 28 58.8
00 48 24.23 -73 43 55.9
00 48 25.17 -73 56 08.2
00 48 25.23 -73 17 44.6
00 48 25.85 -72 56 23.1
00 48 26.38 -73 02 12.5
00 48 27.97 -73 08 50.9
00 48 27.98 -73 35 51.9
00 48 31.21 -72 42 07.0
00 48 31.55 -72 33 26.1
00 48 32.79 -72 26 22.7
00 48 32.98 -73 29 46.2
00 48 33.01 -72 25 09.6
00 48 33.65 -72 56 26.4
00 48 33.66 -72 43 29.3
00 48 35.86 -74 27 19.3
00 48 35.88 -72 38 09.2
00 48 36.39 -72 22 24.5
00 48 37.34 -73 02 20.5
00 48 39.30 -72 57 20.9
00 48 39.46 -72 50 02.8
00 48 40.64 -73 29 59.7
00 48 42.19 -73 15 47.7
00 48 43.35 -72 58 13.0
00 48 45.19 -73 09 42.6
00 48 45.51 -72 50 32.9
00 48 46.30 -72 10 10.9
00 48 47.30 -73 43 31.9
00 48 47.46 -73 13 19.2
00 48 47.88 -73 33 22.7
00 48 47.88 -73 16 37.1
00 48 47.90 -72 52 59.7
00 48 48.30 -72 46 56.9
00 48 48.86 -73 10 41.7
00 48 50.36 -73 14 43.6
00 48 51.00 -73 34 14.2
00 48 51.08 -73 10 55.9
00 48 51.96 -72 37 55.0
00 48 52.32 -73 24 35.1
00 48 52.46 -74 05 51.9
00 48 53.85 -73 37 58.2
00 48 54.08 -72 58 35.8
00 48 55.45 -72 49 37.1
00 48 57.50 -73 40 08.5
00 48 57.57 -73 19 01.8
00 48 58.10 -73 06 08.1
00 48 58.20 -73 36 36.9
00 49 01.19 -73 19 38.4
00 49 01.29 -73 28 17.1
00 49 02.93 -73 15 51.0
00 49 03.23 -73 05 43.1
00 49 03.34 -72 32 06.6
00 49 03.39 -73 17 25.9
00 49 04.21 -73 02 23.8
00 49 05.37 -72 51 16.1
00 49 06.48 -73 36 52.1
00 49 07.98 -72 59 52.2
00 49 10.97 -72 24 36.0
00 49 11.77 -72 57 35.5
00 49 11.81 -73 20 35.3
00 49 12.17 -72 55 59.7
00 49 12.33 -73 30 08.2
00 49 12.75 -73 30 47.9
00 49 12.85 -72 57 09.7
00 49 13.48 -73 21 03.5
00 49 13.85 -73 18 48.8
00 49 15.50 -73 23 08.1
00 49 15.91 -72 52 46.6
00 49 16.25 -73 05 27.1
00 49 16.83 -73 29 21.3
00 49 16.91 -73 33 58.8
00 49 17.77 -72 01 47.5
00 49 18.19 -72 28 03.3
00 49 18.59 -72 33 24.9
00 49 19.05 -72 16 06.1
00 49 19.70 -73 52 44.9
00 49 19.75 -72 51 50.1
00 49 20.04 -72 57 29.2
00 49 21.22 -73 07 34.3
00 49 21.29 -73 47 55.0
00 49 21.83 -72 59 46.2
00 49 22.08 -73 45 05.2
00 49 22.85 -73 42 10.1
00 49 24.61 -73 22 12.6
00 49 24.94 -73 32 44.0
00 49 25.70 -72 47 17.7
00 49 25.81 -73 14 08.1
00 49 26.28 -72 56 47.9
00 49 27.15 -72 41 23.2
00 49 27.25 -73 17 17.6
00 49 27.40 -73 18 02.2
00 49 28.64 -73 39 04.8
00 49 28.77 -72 47 04.9
00 49 29.97 -73 09 17.7
00 49 30.65 -73 23 11.8
00 49 31.73 -72 56 54.3
00 49 31.73 -73 07 56.9
00 49 31.97 -73 37 00.0
00 49 32.23 -73 45 28.3
00 49 33.44 -73 41 02.4
00 49 34.33 -72 47 18.2
00 49 34.81 -72 33 56.8
00 49 35.24 -72 43 19.7
00 49 35.29 -72 40 47.0
00 49 36.22 -73 24 00.5
00 49 37.37 -72 56 30.7
00 49 38.31 -72 55 04.4
00 49 39.48 -73 27 31.3
00 49 39.52 -72 18 12.0
00 49 40.06 -73 06 07.6
00 49 40.41 -73 11 53.6
00 49 41.21 -73 18 36.0
00 49 41.40 -72 35 28.2
00 49 41.84 -72 38 03.8
00 49 42.06 -72 55 47.6
00 49 42.12 -72 42 50.2
00 49 42.37 -72 59 46.4
00 49 42.75 -73 05 29.7
00 49 44.02 -72 32 42.8
00 49 44.27 -73 13 06.9
00 49 44.27 -73 03 27.6
00 49 45.38 -72 59 07.8
00 49 45.80 -72 26 49.4
00 49 46.45 -73 01 49.6
00 49 47.17 -73 27 24.1
00 49 47.21 -73 01 49.2
00 49 47.26 -72 30 24.2
00 49 47.63 -74 27 13.0
00 49 47.96 -73 23 46.9
00 49 48.00 -73 33 55.8
00 49 48.97 -72 51 17.9
00 49 51.12 -73 02 02.4
00 49 51.56 -72 51 42.7
00 49 51.60 -72 59 47.7
00 49 51.88 -73 29 51.0
00 49 52.96 -73 09 09.2
00 49 53.31 -73 21 57.8
00 49 55.07 -72 59 15.2
00 49 55.28 -73 09 16.2
00 49 55.72 -73 37 35.0
00 49 55.77 -73 31 13.4
00 49 57.23 -73 09 51.0
00 49 57.24 -73 09 41.3
00 49 59.11 -72 50 02.2
00 49 59.25 -73 02 48.7
00 50 00.07 -72 37 42.4
00 50 00.24 -73 09 53.0
00 50 00.46 -72 41 58.4
00 50 00.52 -73 34 24.6
00 50 01.11 -73 14 42.6
00 50 01.58 -72 44 29.3
00 50 02.73 -72 52 02.7
00 50 03.78 -73 25 23.6
00 50 03.98 -73 24 55.7
00 50 04.39 -72 53 17.3
00 50 04.72 -72 43 05.6
00 50 05.08 -72 57 38.4
00 50 05.82 -73 29 07.6
00 50 07.50 -73 40 38.5
00 50 07.55 -72 38 13.6
00 50 07.58 -72 58 04.2
00 50 08.31 -73 39 19.9
00 50 09.39 -72 56 37.1
00 50 09.45 -72 51 36.7
00 50 09.54 -73 11 53.3
00 50 09.60 -73 20 48.1
00 50 11.90 -72 26 28.8
00 50 11.99 -73 37 51.0
00 50 12.22 -73 41 46.3
00 50 13.71 -72 59 21.2
00 50 14.09 -73 32 39.1
00 50 15.27 -72 34 26.6
00 50 15.67 -72 49 50.3
00 50 16.83 -72 36 17.7
00 50 17.21 -73 15 25.7
00 50 17.60 -72 49 08.0
00 50 18.28 -72 56 15.1
00 50 21.44 -73 05 54.1
00 50 21.61 -72 59 01.5
00 50 22.17 -73 19 35.2
00 50 22.88 -72 34 06.3
00 50 23.10 -73 02 34.3
00 50 24.27 -74 03 29.7
00 50 24.88 -73 07 31.1
00 50 25.11 -72 43 20.7
00 50 25.58 -72 49 12.2
00 50 25.74 -72 27 42.9
00 50 25.79 -73 07 18.2
00 50 26.86 -73 25 00.1
00 50 27.60 -73 05 54.3
00 50 27.99 -72 17 45.4
00 50 29.44 -72 31 47.5
00 50 29.52 -72 42 32.1
00 50 30.18 -73 33 20.2
00 50 31.09 -73 26 49.4
00 50 31.41 -72 26 38.5
00 50 31.61 -72 28 40.1
00 50 32.69 -73 05 51.5
00 50 34.86 -73 01 39.8
00 50 34.96 -73 32 08.0
00 50 35.67 -73 17 54.5
00 50 36.07 -73 31 05.5
00 50 38.35 -74 26 49.8
00 50 38.76 -72 20 24.4
00 50 38.78 -72 59 02.4
00 50 39.13 -73 03 21.9
00 50 40.27 -73 01 38.0
00 50 40.54 -72 55 07.9
00 50 41.40 -73 47 32.5
00 50 42.99 -73 16 05.3
00 50 43.21 -73 02 48.1
00 50 45.10 -72 38 59.4
00 50 47.00 -73 29 10.8
00 50 47.04 -74 11 53.6
00 50 47.08 -72 48 12.5
00 50 48.48 -73 24 57.6
00 50 48.94 -73 18 46.0
00 50 48.96 -72 39 14.2
00 50 49.42 -73 16 41.7
00 50 50.78 -73 12 24.4
00 50 51.06 -72 50 54.0
00 50 52.33 -72 57 18.0
00 50 52.51 -73 22 42.9
00 50 52.60 -72 10 28.9
00 50 52.81 -74 07 55.0
00 50 53.24 -72 54 14.7
00 50 53.47 -73 38 56.5
00 50 54.34 -72 41 18.4
00 50 54.48 -72 18 37.5
00 50 54.68 -72 48 01.8
00 50 55.04 -72 47 21.6
00 50 55.33 -73 22 25.3
00 50 55.51 -72 34 41.9
00 50 55.56 -73 01 29.2
00 50 56.10 -73 05 41.7
00 50 56.28 -73 23 11.7
00 50 56.41 -73 49 08.8
00 50 57.19 -72 58 52.2
00 50 57.85 -73 29 38.7
00 50 57.85 -73 12 26.0
00 50 58.12 -72 04 26.3
00 50 58.36 -73 31 09.2
00 50 58.67 -72 25 17.5
00 50 59.09 -72 52 20.3
00 50 59.14 -72 41 10.2
00 51 00.32 -72 07 38.7
00 51 00.33 -72 03 18.0
00 51 03.01 -73 12 30.3
00 51 03.28 -73 34 31.9
00 51 05.02 -74 11 24.5
00 51 05.24 -73 14 51.9
00 51 05.47 -73 04 01.0
00 51 05.69 -72 28 09.8
00 51 06.15 -72 52 30.7
00 51 08.06 -73 41 43.8
00 51 08.23 -73 08 14.1
00 51 09.39 -73 13 11.2
00 51 09.48 -73 01 48.0
00 51 09.75 -73 36 49.4
00 51 10.50 -73 41 59.5
00 51 10.54 -73 13 04.4
00 51 10.60 -73 01 08.8
00 51 10.85 -73 27 55.0
00 51 11.04 -73 07 29.8
00 51 11.08 -73 33 18.0
00 51 11.14 -73 24 46.4
00 51 11.27 -72 53 01.4
00 51 11.59 -72 27 51.6
00 51 13.49 -73 09 29.4
00 51 13.52 -73 17 09.1
00 51 13.80 -73 06 12.4
00 51 14.00 -73 44 32.1
00 51 15.86 -72 43 36.7
00 51 16.25 -74 12 11.0
00 51 16.38 -73 51 57.3
00 51 16.51 -72 21 33.1
00 51 16.60 -73 54 24.5
00 51 18.49 -73 12 19.6
00 51 18.55 -73 41 50.6
00 51 19.24 -74 02 50.9
00 51 20.13 -71 50 07.5
00 51 20.56 -73 01 48.5
00 51 20.74 -72 54 05.3
00 51 20.94 -73 40 36.9
00 51 21.18 -73 21 54.2
00 51 21.30 -73 04 16.5
00 51 21.51 -73 36 10.6
00 51 21.96 -73 00 42.0
00 51 23.08 -72 46 23.5
00 51 23.18 -72 52 36.3
00 51 23.40 -72 34 41.7
00 51 24.01 -73 12 40.2
00 51 24.03 -73 26 14.9
00 51 24.36 -73 27 52.3
00 51 24.40 -73 00 17.9
00 51 24.67 -72 56 43.0
00 51 24.85 -73 23 25.0
00 51 25.22 -73 14 27.9
00 51 25.67 -72 56 34.4
00 51 26.03 -72 50 46.1
00 51 27.11 -72 51 45.4
00 51 27.32 -72 44 15.0
00 51 27.36 -72 51 35.1
00 51 27.71 -72 47 02.5
00 51 28.50 -73 30 07.5
00 51 29.53 -72 46 45.1
00 51 29.86 -73 42 51.5
00 51 31.06 -73 48 33.9
00 51 32.05 -73 36 22.1
00 51 32.45 -73 20 12.2
00 51 33.19 -73 03 50.7
00 51 33.58 -73 26 56.4
00 51 33.94 -72 58 46.3
00 51 35.66 -72 16 22.7
00 51 36.45 -73 39 18.2
00 51 38.26 -73 04 43.4
00 51 38.39 -72 35 03.8
00 51 38.64 -73 02 40.1
00 51 39.22 -73 08 52.8
00 51 39.65 -73 31 15.6
00 51 39.81 -73 53 55.7
00 51 39.94 -73 10 45.5
00 51 40.67 -73 21 44.3
00 51 41.55 -73 31 57.2
00 51 42.94 -72 56 50.3
00 51 44.27 -73 17 14.7
00 51 45.48 -72 31 04.4
00 51 46.01 -73 26 46.1
00 51 46.39 -72 56 42.6
00 51 47.21 -73 36 53.0
00 51 47.72 -73 30 37.2
00 51 47.79 -72 47 21.2
00 51 48.38 -73 00 34.7
00 51 49.40 -73 38 45.9
00 51 49.62 -73 02 31.4
00 51 50.47 -73 02 30.4
00 51 51.37 -73 29 45.1
00 51 52.02 -72 37 41.9
00 51 52.53 -72 35 44.1
00 51 53.55 -72 35 30.8
00 51 53.58 -73 06 01.6
00 51 54.65 -73 19 54.8
00 51 54.80 -73 12 07.8
00 51 54.98 -73 22 04.0
00 51 55.45 -72 42 46.4
00 51 55.59 -72 57 53.4
00 51 55.92 -72 57 11.8
00 51 57.25 -73 30 24.6
00 51 57.78 -72 32 08.5
00 51 58.28 -73 31 50.8
00 51 58.69 -73 57 26.1
00 51 58.69 -73 02 24.1
00 51 58.73 -72 51 43.8
00 51 59.27 -72 38 35.5
00 51 59.47 -74 26 05.5
00 51 59.48 -73 40 54.2
00 51 59.82 -73 16 07.4
00 52 00.02 -73 08 08.7
00 52 00.08 -73 19 26.8
00 52 00.27 -73 27 47.1
00 52 00.92 -73 10 32.3
00 52 01.04 -72 36 01.2
00 52 02.15 -72 26 08.8
00 52 03.08 -73 11 30.3
00 52 03.49 -72 47 00.5
00 52 03.68 -72 35 12.0
00 52 03.70 -72 58 02.3
00 52 04.28 -72 31 17.6
00 52 04.81 -72 58 05.1
00 52 05.34 -73 02 46.4
00 52 05.94 -73 41 40.6
00 52 06.85 -72 53 09.2
00 52 07.03 -73 15 52.6
00 52 07.59 -71 55 41.2
00 52 07.95 -73 24 44.7
00 52 08.87 -73 48 20.0
00 52 09.13 -73 18 14.9
00 52 09.21 -72 45 57.4
00 52 09.28 -72 50 25.6
00 52 11.06 -72 45 51.8
00 52 11.42 -72 53 41.5
00 52 13.05 -73 56 36.5
00 52 14.54 -73 43 33.5
00 52 14.84 -73 01 02.4
00 52 14.93 -73 28 03.3
00 52 15.23 -74 07 22.3
00 52 15.29 -73 10 07.1
00 52 16.63 -72 35 57.7
00 52 17.20 -72 25 32.6
00 52 17.53 -72 40 57.1
00 52 18.60 -73 14 12.7
00 52 18.92 -73 22 44.5
00 52 19.44 -72 31 18.1
00 52 19.60 -73 14 04.0
00 52 19.77 -71 50 38.8
00 52 21.36 -73 03 03.4
00 52 21.39 -73 14 50.8
00 52 21.93 -72 58 12.2
00 52 22.26 -72 15 26.6
00 52 23.26 -72 43 53.3
00 52 24.62 -73 04 46.2
00 52 26.23 -73 45 16.5
00 52 26.52 -73 41 05.6
00 52 27.19 -73 10 59.5
00 52 27.98 -73 28 38.9
00 52 28.20 -72 53 10.6
00 52 28.77 -73 15 28.2
00 52 28.84 -73 03 14.2
00 52 29.65 -71 56 03.4
00 52 29.86 -72 42 38.4
00 52 29.87 -73 24 18.8
00 52 29.99 -73 52 24.8
00 52 30.14 -73 16 40.8
00 52 30.33 -72 46 57.2
00 52 31.30 -72 38 12.7
00 52 31.39 -73 15 34.9
00 52 32.19 -72 33 31.3
00 52 33.11 -71 54 18.3
00 52 33.91 -72 53 38.7
00 52 34.79 -73 42 02.6
00 52 35.14 -72 57 09.9
00 52 35.59 -72 59 20.9
00 52 36.01 -72 39 18.5
00 52 36.02 -73 21 31.4
00 52 36.47 -73 28 47.9
00 52 36.86 -73 03 58.8
00 52 37.13 -72 49 37.2
00 52 38.13 -72 21 55.6
00 52 38.61 -72 42 30.8
00 52 38.97 -72 57 03.6
00 52 39.06 -73 10 53.4
00 52 40.73 -73 07 21.1
00 52 41.28 -73 36 29.4
00 52 41.31 -72 11 46.6
00 52 43.46 -72 41 32.9
00 52 43.46 -73 55 39.3
00 52 43.57 -73 01 13.6
00 52 44.63 -72 39 43.4
00 52 46.28 -74 09 27.7
00 52 47.52 -72 08 04.6
00 52 48.11 -73 28 28.3
00 52 49.09 -72 39 42.7
00 52 49.28 -73 22 18.0
00 52 49.51 -72 54 10.9
00 52 50.84 -73 59 17.0
00 52 51.69 -72 43 12.9
00 52 51.84 -73 24 19.2
00 52 52.52 -73 00 46.8
00 52 52.88 -73 45 28.3
00 52 53.57 -73 11 43.7
00 52 53.60 -73 18 51.4
00 52 54.07 -72 47 42.7
00 52 54.14 -72 37 15.1
00 52 54.28 -73 32 35.9
00 52 54.53 -73 00 14.4
00 52 55.21 -73 36 37.0
00 52 58.48 -72 53 27.5
00 52 59.88 -72 25 31.9
00 53 02.46 -73 00 34.2
00 53 02.83 -73 15 39.5
00 53 03.62 -73 22 16.2
00 53 04.24 -74 15 31.7
00 53 07.46 -73 14 16.1
00 53 08.77 -72 15 47.4
00 53 09.97 -72 28 15.5
00 53 10.51 -72 51 31.8
00 53 11.27 -72 56 21.8
00 53 11.79 -73 36 49.8
00 53 11.91 -72 43 40.4
00 53 14.15 -73 01 47.4
00 53 14.48 -73 20 42.0
00 53 15.31 -73 34 01.3
00 53 16.33 -73 21 14.9
00 53 16.53 -73 01 52.3
00 53 16.74 -72 28 10.1
00 53 16.77 -73 04 44.9
00 53 17.00 -73 30 48.8
00 53 17.33 -72 26 53.3
00 53 18.64 -73 17 48.1
00 53 18.88 -71 52 09.7
00 53 19.94 -72 17 38.3
00 53 21.77 -72 34 17.5
00 53 22.46 -72 03 48.3
00 53 23.04 -72 19 24.2
00 53 23.10 -72 33 45.0
00 53 23.39 -72 57 43.3
00 53 23.47 -73 01 23.3
00 53 23.64 -73 49 24.8
00 53 25.23 -73 14 05.9
00 53 26.02 -72 30 24.9
00 53 27.18 -72 31 29.5
00 53 27.23 -73 06 42.3
00 53 27.81 -73 25 01.3
00 53 27.83 -73 11 01.3
00 53 28.51 -74 30 51.6
00 53 28.89 -72 46 33.7
00 53 29.84 -73 20 33.4
00 53 30.43 -73 07 02.2
00 53 30.57 -73 17 38.5
00 53 30.59 -72 12 31.8
00 53 31.34 -73 12 22.6
00 53 33.41 -72 39 47.9
00 53 33.90 -73 07 28.6
00 53 37.40 -73 16 33.9
00 53 38.03 -72 33 43.6
00 53 38.25 -72 29 36.6
00 53 39.33 -72 54 35.8
00 53 40.58 -73 33 52.7
00 53 41.14 -72 09 33.7
00 53 41.45 -72 17 04.6
00 53 42.20 -72 55 58.8
00 53 42.27 -72 39 28.2
00 53 42.86 -73 27 07.0
00 53 43.46 -73 26 32.1
00 53 43.80 -73 28 25.4
00 53 44.37 -72 48 11.7
00 53 44.51 -73 03 42.1
00 53 45.40 -72 16 19.0
00 53 45.59 -73 15 30.7
00 53 47.69 -72 55 45.2
00 53 49.08 -73 37 43.8
00 53 49.18 -73 10 02.3
00 53 49.79 -72 37 05.9
00 53 50.43 -74 01 36.2
00 53 51.79 -72 53 11.9
00 53 51.84 -73 48 44.9
00 53 53.00 -72 52 34.9
00 53 53.58 -71 53 20.0
00 53 55.48 -72 16 28.7
00 53 55.74 -73 30 35.1
00 53 56.29 -72 31 24.0
00 53 56.73 -72 44 14.1
00 53 57.09 -73 01 15.9
00 53 57.69 -73 07 02.0
00 53 58.14 -72 42 14.4
00 53 58.55 -72 23 47.6
00 53 58.67 -72 58 50.7
00 53 59.17 -72 15 24.4
00 53 59.76 -72 55 35.7
00 54 00.59 -73 37 09.6
00 54 00.82 -71 42 10.6
00 54 01.00 -73 04 51.9
00 54 01.42 -72 58 44.3
00 54 01.59 -72 48 12.7
00 54 01.92 -73 30 18.1
00 54 02.52 -73 14 30.2
00 54 02.85 -72 53 22.4
00 54 04.89 -71 16 37.4
00 54 05.28 -73 50 08.7
00 54 06.07 -72 21 12.5
00 54 06.32 -73 34 07.3
00 54 06.40 -73 24 58.2
00 54 07.43 -73 12 16.3
00 54 07.56 -73 37 36.4
00 54 08.75 -72 47 02.0
00 54 09.08 -73 39 59.6
00 54 09.65 -72 43 38.1
00 54 10.54 -73 35 19.1
00 54 10.84 -71 23 22.4
00 54 11.04 -71 53 29.4
00 54 12.87 -73 21 17.9
00 54 15.02 -73 31 05.5
00 54 15.25 -72 31 11.3
00 54 15.25 -73 32 47.1
00 54 15.48 -71 56 14.6
00 54 15.98 -71 54 22.6
00 54 16.04 -71 56 04.9
00 54 16.29 -72 28 20.1
00 54 16.76 -72 36 58.4
00 54 16.84 -72 31 39.2
00 54 17.67 -71 17 31.4
00 54 18.08 -73 48 46.9
00 54 18.19 -72 42 09.3
00 54 18.63 -73 22 07.5
00 54 19.56 -72 45 16.2
00 54 19.75 -72 05 19.8
00 54 21.54 -74 13 00.0
00 54 21.67 -72 44 15.3
00 54 21.94 -73 22 29.9
00 54 22.71 -73 07 44.8
00 54 24.10 -72 16 01.3
00 54 24.82 -72 14 07.5
00 54 24.84 -73 16 44.2
00 54 24.88 -73 15 53.3
00 54 26.49 -73 16 06.3
00 54 27.79 -72 14 31.1
00 54 28.67 -72 44 37.6
00 54 29.67 -74 06 33.3
00 54 30.04 -73 15 20.8
00 54 31.32 -72 51 50.5
00 54 31.36 -72 30 43.2
00 54 31.71 -72 45 26.9
00 54 32.19 -73 16 55.5
00 54 32.28 -72 28 33.6
00 54 32.32 -72 45 16.7
00 54 32.87 -72 30 27.0
00 54 33.00 -72 17 31.1
00 54 34.17 -73 31 19.1
00 54 34.80 -73 23 33.9
00 54 35.93 -72 13 53.8
00 54 37.17 -72 03 05.8
00 54 37.69 -72 43 39.1
00 54 39.40 -73 01 00.9
00 54 39.45 -71 42 15.0
00 54 39.56 -71 55 33.0
00 54 39.76 -72 49 32.9
00 54 40.22 -73 55 39.6
00 54 40.36 -73 01 18.0
00 54 41.16 -72 27 54.8
00 54 41.26 -73 08 58.2
00 54 42.01 -73 04 14.3
00 54 44.48 -73 35 14.2
00 54 46.70 -73 23 52.8
00 54 47.43 -73 00 09.7
00 54 47.93 -72 26 31.8
00 54 48.95 -73 15 37.5
00 54 49.59 -73 15 35.6
00 54 50.16 -72 31 28.1
00 54 51.38 -73 10 37.7
00 54 52.98 -72 35 07.0
00 54 53.17 -72 52 20.5
00 54 53.34 -72 32 10.9
00 54 53.88 -72 03 28.8
00 54 54.15 -73 25 11.6
00 54 55.56 -72 32 56.5
00 54 56.07 -74 09 49.6
00 54 56.88 -72 55 23.0
00 54 57.96 -72 32 44.4
00 54 57.97 -73 32 44.3
00 54 58.98 -73 09 18.3
00 54 59.12 -72 42 17.8
00 54 59.16 -72 28 39.1
00 54 59.25 -73 08 36.6
00 54 59.33 -73 14 24.6
00 54 59.69 -73 10 06.1
00 54 59.71 -73 28 12.2
00 54 59.73 -73 17 23.7
00 55 00.05 -72 49 30.6
00 55 01.06 -72 49 14.6
00 55 01.12 -73 02 03.4
00 55 02.81 -72 08 47.1
00 55 02.91 -73 19 46.5
00 55 03.53 -72 14 49.1
00 55 03.95 -73 00 56.7
00 55 05.90 -73 13 28.3
00 55 06.13 -72 32 55.3
00 55 07.18 -73 17 07.2
00 55 07.75 -72 39 32.5
00 55 08.13 -73 05 49.8
00 55 08.30 -73 58 12.7
00 55 09.49 -73 24 22.6
00 55 09.55 -72 39 16.6
00 55 09.61 -73 47 11.6
00 55 10.97 -73 22 15.6
00 55 11.36 -72 42 24.7
00 55 11.61 -72 11 13.6
00 55 12.85 -72 31 28.9
00 55 13.73 -72 51 04.4
00 55 14.17 -73 11 03.3
00 55 14.89 -72 01 27.9
00 55 14.93 -72 01 33.2
00 55 15.80 -72 57 16.4
00 55 18.52 -72 43 12.7
00 55 18.81 -72 48 47.3
00 55 19.20 -73 24 40.2
00 55 21.03 -72 40 30.2
00 55 21.24 -73 15 29.1
00 55 21.67 -73 28 46.8
00 55 21.94 -72 52 36.5
00 55 22.71 -72 42 15.4
00 55 24.87 -73 32 38.9
00 55 26.09 -71 44 55.8
00 55 27.73 -72 29 41.4
00 55 30.19 -72 45 34.1
00 55 30.88 -73 43 13.7
00 55 31.15 -72 51 01.4
00 55 31.38 -73 02 13.9
00 55 32.41 -72 46 57.8
00 55 32.97 -72 54 30.7
00 55 33.55 -71 45 44.9
00 55 34.98 -72 46 46.9
00 55 35.07 -73 28 49.5
00 55 35.55 -72 23 57.4
00 55 35.63 -72 24 14.4
00 55 35.70 -72 37 43.5
00 55 37.00 -73 06 22.9
00 55 38.04 -72 51 43.6
00 55 38.08 -72 26 55.8
00 55 38.13 -72 43 15.7
00 55 39.16 -71 51 42.0
00 55 39.66 -73 02 57.7
00 55 39.87 -72 53 00.8
00 55 41.33 -73 12 15.8
00 55 41.81 -73 21 30.4
00 55 45.69 -72 50 14.5
00 55 46.12 -73 24 34.2
00 55 48.05 -71 33 33.9
00 55 48.22 -72 38 37.9
00 55 48.26 -72 31 28.0
00 55 49.31 -73 42 18.3
00 55 49.70 -72 45 03.0
00 55 51.39 -73 58 02.1
00 55 51.87 -72 22 34.3
00 55 52.75 -73 06 45.6
00 55 52.76 -73 11 59.2
00 55 52.77 -72 35 04.5
00 55 52.89 -73 20 33.8
00 55 53.00 -73 19 58.0
00 55 53.76 -71 32 12.6
00 55 54.03 -73 20 53.7
00 55 54.09 -72 46 11.1
00 55 55.25 -72 37 05.7
00 55 55.57 -73 51 34.9
00 55 55.60 -72 46 20.0
00 55 57.10 -72 40 13.2
00 55 57.16 -73 18 17.6
00 55 57.35 -72 45 08.4
00 55 59.22 -71 54 09.0
00 55 59.66 -72 58 21.2
00 56 00.25 -73 30 09.4
00 56 00.94 -73 24 03.7
00 56 01.36 -72 43 51.9
00 56 02.38 -73 36 59.0
00 56 03.56 -73 17 10.7
00 56 03.70 -73 13 44.6
00 56 04.18 -73 13 02.7
00 56 04.63 -73 26 45.7
00 56 05.84 -73 05 43.4
00 56 06.14 -73 01 33.4
00 56 06.16 -72 36 18.1
00 56 06.98 -72 07 18.3
00 56 07.78 -72 52 42.1
00 56 09.00 -72 55 18.4
00 56 09.15 -72 26 15.8
00 56 09.32 -72 50 15.2
00 56 09.67 -72 42 36.0
00 56 10.57 -72 34 11.5
00 56 10.89 -73 23 00.8
00 56 11.07 -72 52 06.5
00 56 12.70 -71 53 33.5
00 56 15.70 -72 20 17.1
00 56 15.92 -71 43 24.4
00 56 15.93 -71 49 50.2
00 56 16.21 -72 05 32.0
00 56 19.10 -72 11 35.3
00 56 20.92 -73 18 21.9
00 56 23.82 -72 50 32.4
00 56 25.06 -71 46 30.5
00 56 26.76 -73 14 11.4
00 56 27.14 -72 56 53.4
00 56 27.51 -73 41 04.2
00 56 27.92 -73 23 42.4
00 56 28.17 -72 26 29.1
00 56 28.34 -72 14 32.2
00 56 28.66 -73 34 59.0
00 56 28.87 -72 26 18.4
00 56 29.93 -73 24 35.8
00 56 30.35 -71 58 39.4
00 56 30.37 -71 43 19.1
00 56 30.50 -72 44 11.5
00 56 30.98 -72 40 07.6
00 56 31.11 -72 45 56.7
00 56 31.60 -73 06 45.8
00 56 32.61 -73 01 03.2
00 56 33.55 -72 13 55.1
00 56 34.05 -73 31 25.4
00 56 34.38 -72 31 16.2
00 56 35.36 -72 53 07.4
00 56 35.87 -72 51 24.1
00 56 37.04 -72 42 23.9
00 56 37.24 -72 59 54.3
00 56 37.34 -72 34 44.6
00 56 37.87 -74 09 29.7
00 56 37.89 -72 54 30.3
00 56 38.66 -72 31 57.8
00 56 38.94 -71 55 02.2
00 56 39.05 -72 36 30.0
00 56 39.15 -72 33 54.6
00 56 41.13 -74 01 39.5
00 56 42.82 -73 54 42.1
00 56 43.88 -73 39 17.6
00 56 44.93 -72 44 48.0
00 56 45.83 -71 48 11.2
00 56 46.82 -72 07 57.5
00 56 48.86 -73 11 14.5
00 56 49.05 -71 38 34.4
00 56 49.52 -71 34 25.5
00 56 49.62 -72 40 46.3
00 56 50.27 -73 23 27.6
00 56 50.34 -72 56 51.4
00 56 50.77 -73 14 42.6
00 56 52.38 -72 56 09.7
00 56 53.21 -72 48 49.9
00 56 54.13 -72 30 45.2
00 56 55.55 -73 20 21.1
00 56 56.22 -73 27 06.7
00 56 57.09 -73 11 38.4
00 56 57.81 -72 43 21.8
00 56 59.92 -72 02 05.5
00 57 00.79 -72 07 41.9
00 57 02.28 -72 24 18.5
00 57 03.43 -73 46 15.7
00 57 04.33 -72 40 33.9
00 57 04.79 -73 08 26.7
00 57 04.96 -72 21 38.0
00 57 05.11 -72 24 51.9
00 57 05.13 -72 36 27.2
00 57 05.25 -72 08 59.7
00 57 07.06 -73 28 37.8
00 57 07.42 -73 38 29.7
00 57 08.46 -73 04 56.2
00 57 08.61 -71 40 05.8
00 57 08.65 -71 49 39.3
00 57 09.07 -73 21 43.0
00 57 10.13 -73 22 51.2
00 57 12.42 -72 16 56.3
00 57 13.99 -73 28 04.1
00 57 14.63 -73 35 50.9
00 57 15.08 -71 49 26.4
00 57 15.56 -73 24 02.4
00 57 15.69 -72 58 36.8
00 57 16.84 -73 36 52.0
00 57 18.09 -72 55 54.3
00 57 18.24 -73 26 38.4
00 57 18.33 -73 24 28.1
00 57 19.21 -73 03 08.4
00 57 20.00 -73 52 54.6
00 57 21.25 -73 24 49.7
00 57 21.31 -73 34 51.1
00 57 24.45 -71 44 52.1
00 57 24.70 -73 36 40.1
00 57 24.87 -73 04 57.8
00 57 25.67 -73 22 30.3
00 57 26.74 -71 44 29.3
00 57 27.17 -73 03 27.8
00 57 27.84 -72 33 49.4
00 57 29.81 -71 59 39.5
00 57 30.07 -73 28 19.8
00 57 31.04 -73 05 43.3
00 57 31.16 -73 13 06.5
00 57 31.61 -73 06 20.7
00 57 31.66 -73 35 14.6
00 57 31.97 -72 45 17.1
00 57 32.68 -72 30 06.6
00 57 34.09 -72 45 10.2
00 57 34.27 -73 26 32.0
00 57 34.65 -73 59 45.4
00 57 34.88 -73 13 05.2
00 57 34.95 -72 57 44.3
00 57 36.52 -72 40 31.1
00 57 38.16 -71 16 13.2
00 57 38.47 -73 13 19.3
00 57 40.13 -73 13 18.2
00 57 40.28 -72 55 16.3
00 57 40.29 -72 32 44.3
00 57 41.54 -73 16 02.4
00 57 42.38 -72 45 55.9
00 57 42.77 -72 03 06.9
00 57 42.82 -73 16 00.6
00 57 44.19 -72 29 26.8
00 57 44.34 -73 05 23.6
00 57 44.40 -72 46 16.4
00 57 44.85 -73 41 42.0
00 57 45.60 -73 40 33.9
00 57 46.17 -72 14 33.6
00 57 48.92 -73 18 24.5
00 57 49.71 -72 12 41.3
00 57 50.16 -72 47 47.3
00 57 51.20 -72 24 23.3
00 57 55.58 -73 05 13.1
00 57 55.95 -73 20 06.2
00 57 56.75 -72 27 48.4
00 57 57.71 -72 25 51.1
00 57 58.02 -73 43 17.6
00 57 59.21 -72 14 06.1
00 58 01.15 -72 48 17.6
00 58 01.23 -73 39 15.6
00 58 01.29 -72 17 05.7
00 58 02.35 -72 42 10.4
00 58 02.68 -72 40 23.1
00 58 04.34 -73 01 02.0
00 58 04.35 -73 27 50.7
00 58 04.75 -72 59 45.6
00 58 07.38 -73 08 52.8
00 58 07.65 -72 57 55.4
00 58 08.06 -73 34 29.1
00 58 10.27 -73 36 02.5
00 58 10.62 -72 14 18.6
00 58 11.05 -72 25 22.6
00 58 11.42 -72 56 37.1
00 58 11.97 -71 47 05.4
00 58 12.18 -71 42 57.2
00 58 12.29 -73 12 34.7
00 58 12.77 -73 38 58.0
00 58 12.81 -74 13 39.8
00 58 14.70 -74 12 38.1
00 58 15.19 -73 59 41.3
00 58 15.56 -73 18 30.9
00 58 16.56 -72 24 01.7
00 58 17.22 -73 21 10.5
00 58 17.72 -73 53 05.6
00 58 18.07 -73 11 24.4
00 58 21.24 -72 02 39.5
00 58 21.80 -72 17 18.4
00 58 23.24 -72 54 24.9
00 58 24.06 -73 22 58.8
00 58 24.68 -73 28 24.6
00 58 26.16 -73 22 40.8
00 58 26.49 -72 42 49.5
00 58 26.84 -73 10 40.2
00 58 26.88 -73 09 26.0
00 58 28.79 -72 19 57.9
00 58 28.85 -72 35 49.5
00 58 28.90 -72 26 39.9
00 58 29.34 -72 58 32.4
00 58 30.36 -72 32 34.1
00 58 31.25 -72 47 01.8
00 58 32.51 -72 17 48.5
00 58 33.24 -73 05 20.3
00 58 33.61 -71 34 46.0
00 58 34.33 -72 09 03.9
00 58 34.95 -73 55 14.2
00 58 35.07 -72 58 25.6
00 58 35.95 -73 37 27.9
00 58 36.70 -73 13 49.7
00 58 37.70 -73 28 21.3
00 58 38.01 -72 10 08.6
00 58 38.42 -73 50 17.1
00 58 38.77 -72 13 27.8
00 58 39.45 -72 53 48.0
00 58 40.36 -73 17 08.9
00 58 41.45 -72 22 47.3
00 58 41.50 -72 10 57.4
00 58 43.65 -73 22 10.7
00 58 45.30 -71 40 34.1
00 58 45.95 -73 03 34.3
00 58 46.03 -73 05 04.5
00 58 46.58 -72 55 04.5
00 58 46.60 -71 15 53.2
00 58 48.18 -73 09 42.8
00 58 48.66 -72 53 07.9
00 58 49.09 -72 41 04.7
00 58 49.76 -73 18 27.0
00 58 50.62 -73 05 22.1
00 58 51.40 -71 54 21.5
00 58 52.16 -71 58 37.2
00 58 52.88 -74 08 02.4
00 58 53.96 -73 03 37.9
00 58 56.27 -73 15 04.3
00 58 56.72 -72 56 28.4
00 58 57.79 -74 05 33.5
00 58 59.45 -72 42 56.6
00 58 59.61 -71 54 30.1
00 59 00.43 -73 06 08.8
00 59 00.52 -72 10 06.5
00 59 01.27 -71 45 07.8
00 59 02.58 -72 07 17.3
00 59 02.89 -73 27 09.1
00 59 03.25 -73 22 28.4
00 59 03.47 -73 33 38.6
00 59 04.28 -72 00 49.4
00 59 04.34 -73 15 05.5
00 59 04.62 -72 11 08.1
00 59 04.76 -72 57 08.1
00 59 04.80 -72 04 41.8
00 59 09.67 -72 00 35.9
00 59 10.80 -73 35 53.2
00 59 10.91 -73 02 00.2
00 59 11.95 -73 25 29.8
00 59 12.72 -72 34 53.3
00 59 12.92 -71 48 13.2
00 59 12.93 -72 49 00.9
00 59 14.81 -73 05 02.9
00 59 15.07 -72 25 49.7
00 59 15.42 -73 23 50.4
00 59 18.39 -73 13 51.8
00 59 18.46 -72 51 20.5
00 59 19.09 -72 58 19.0
00 59 20.31 -72 18 49.7
00 59 21.00 -73 03 54.7
00 59 22.63 -72 16 48.6
00 59 23.23 -73 21 47.1
00 59 23.91 -72 36 53.9
00 59 24.10 -73 08 40.5
00 59 24.30 -72 52 33.4
00 59 26.62 -72 26 49.0
00 59 27.56 -73 25 46.6
00 59 28.35 -72 38 20.9
00 59 29.45 -73 45 59.7
00 59 29.47 -72 51 24.4
00 59 29.57 -72 55 49.0
00 59 29.58 -71 18 18.0
00 59 29.91 -73 23 53.2
00 59 30.17 -72 38 56.4
00 59 31.33 -72 54 50.0
00 59 31.46 -72 39 58.2
00 59 31.48 -73 35 56.9
00 59 32.55 -71 39 56.7
00 59 32.86 -73 11 06.9
00 59 35.53 -72 33 57.0
00 59 35.70 -73 04 54.3
00 59 36.19 -73 07 54.4
00 59 36.88 -71 55 21.2
00 59 36.97 -73 26 13.7
00 59 37.10 -72 33 05.7
00 59 38.42 -72 01 29.1
00 59 38.75 -74 01 51.7
00 59 40.12 -73 22 14.0
00 59 40.28 -72 24 58.9
00 59 40.72 -73 27 55.1
00 59 41.73 -72 47 32.8
00 59 42.62 -72 14 50.3
00 59 43.55 -72 23 57.8
00 59 43.98 -72 29 09.5
00 59 46.97 -72 45 51.8
00 59 47.96 -72 10 58.7
00 59 48.65 -73 03 12.1
00 59 48.67 -73 29 12.4
00 59 49.27 -73 57 25.6
00 59 49.47 -72 51 51.1
00 59 49.50 -73 12 22.8
00 59 50.64 -73 14 53.6
00 59 51.15 -72 12 14.5
00 59 51.39 -73 06 54.9
00 59 51.52 -71 44 50.3
00 59 51.80 -72 42 07.0
00 59 51.99 -72 17 13.6
00 59 53.14 -73 32 11.2
00 59 53.19 -72 38 25.4
00 59 53.66 -72 30 40.6
00 59 54.27 -72 55 29.8
00 59 54.54 -71 44 42.5
00 59 55.68 -72 43 21.5
00 59 56.13 -72 22 18.5
00 59 56.31 -72 55 23.8
00 59 56.78 -72 57 28.7
00 59 59.11 -72 56 08.8
00 59 59.96 -72 07 33.7
01 00 01.70 -72 01 22.3
01 00 03.11 -72 57 58.3
01 00 04.49 -72 47 36.3
01 00 05.27 -72 56 41.7
01 00 07.84 -72 17 46.9
01 00 08.06 -72 59 11.2
01 00 09.47 -72 13 47.2
01 00 10.67 -72 07 32.8
01 00 10.93 -72 28 36.2
01 00 11.17 -72 55 17.9
01 00 11.41 -72 33 06.2
01 00 11.99 -72 30 52.2
01 00 13.18 -73 15 42.1
01 00 14.60 -73 17 44.6
01 00 14.79 -73 17 59.1
01 00 16.09 -71 39 25.0
01 00 16.46 -72 38 28.2
01 00 17.05 -73 26 37.9
01 00 17.76 -72 08 07.1
01 00 18.84 -72 13 16.1
01 00 18.89 -73 16 14.8
01 00 19.48 -72 13 24.0
01 00 19.54 -73 40 26.2
01 00 19.70 -72 38 38.2
01 00 20.83 -73 25 20.4
01 00 21.03 -72 32 31.3
01 00 21.04 -73 10 26.4
01 00 22.54 -72 50 51.3
01 00 25.67 -72 13 30.3
01 00 26.48 -73 05 31.1
01 00 26.53 -71 55 38.7
01 00 26.82 -72 42 35.5
01 00 26.86 -73 43 21.6
01 00 27.49 -73 22 41.3
01 00 27.60 -72 58 09.3
01 00 29.34 -72 03 22.6
01 00 29.61 -73 31 01.1
01 00 32.29 -73 22 45.1
01 00 36.08 -72 15 10.8
01 00 37.45 -72 11 44.4
01 00 38.08 -73 36 23.9
01 00 39.08 -72 36 11.0
01 00 39.84 -72 44 03.0
01 00 39.90 -73 23 48.9
01 00 39.97 -73 18 07.5
01 00 41.30 -73 06 38.3
01 00 41.72 -73 12 36.4
01 00 42.09 -72 49 41.1
01 00 43.08 -73 38 59.8
01 00 43.43 -72 33 29.8
01 00 43.48 -72 09 33.8
01 00 43.73 -72 50 05.8
01 00 44.38 -71 49 51.2
01 00 45.32 -72 45 33.8
01 00 45.69 -71 50 02.5
01 00 46.39 -72 03 36.9
01 00 47.17 -73 31 48.8
01 00 47.39 -72 20 45.5
01 00 48.15 -73 07 15.0
01 00 48.55 -72 24 55.6
01 00 48.81 -73 34 26.2
01 00 50.84 -72 02 30.9
01 00 52.41 -73 08 33.2
01 00 52.41 -72 07 16.1
01 00 54.25 -73 21 39.2
01 00 54.77 -73 38 46.8
01 00 55.48 -72 57 42.0
01 00 57.25 -73 09 06.8
01 00 57.31 -73 09 14.9
01 00 57.41 -73 35 56.9
01 00 58.95 -72 04 04.0
01 00 58.95 -72 01 50.4
01 00 59.13 -73 36 07.3
01 00 59.56 -71 48 11.3
01 01 00.63 -73 28 57.7
01 01 02.02 -72 56 55.3
01 01 02.67 -72 14 35.0
01 01 03.15 -73 08 51.1
01 01 03.72 -73 21 41.7
01 01 06.92 -73 21 10.8
01 01 07.17 -73 23 55.6
01 01 08.04 -72 53 36.8
01 01 08.35 -73 42 38.3
01 01 08.60 -73 01 38.7
01 01 10.09 -71 16 46.1
01 01 10.28 -73 54 53.0
01 01 10.45 -73 17 40.9
01 01 10.70 -73 01 37.2
01 01 11.27 -73 51 08.1
01 01 11.40 -73 45 19.6
01 01 11.63 -72 09 40.1
01 01 16.36 -73 37 47.0
01 01 16.47 -71 17 21.3
01 01 17.25 -72 14 58.9
01 01 17.57 -73 19 04.6
01 01 18.98 -72 47 32.7
01 01 19.92 -74 08 43.9
01 01 19.99 -73 13 55.7
01 01 20.17 -73 24 19.1
01 01 21.13 -73 27 35.2
01 01 22.06 -73 10 28.1
01 01 22.78 -71 18 31.5
01 01 23.54 -73 10 05.8
01 01 23.97 -72 07 00.1
01 01 24.05 -73 32 03.6
01 01 24.21 -72 17 42.7
01 01 24.62 -72 27 23.5
01 01 28.33 -73 25 26.1
01 01 28.74 -72 18 17.1
01 01 29.16 -73 19 30.9
01 01 30.72 -73 10 37.0
01 01 30.80 -73 25 03.2
01 01 31.90 -72 19 20.6
01 01 32.48 -72 50 55.3
01 01 33.49 -73 13 08.0
01 01 33.96 -73 19 15.7
01 01 34.06 -71 48 54.6
01 01 35.62 -72 45 09.4
01 01 36.33 -73 18 26.1
01 01 36.68 -73 28 36.4
01 01 37.95 -73 29 22.8
01 01 39.25 -73 10 21.8
01 01 42.47 -72 55 13.6
01 01 43.29 -73 31 56.4
01 01 45.43 -72 45 09.5
01 01 45.47 -71 43 00.5
01 01 46.76 -73 23 40.8
01 01 46.87 -73 05 33.3
01 01 47.08 -73 07 25.6
01 01 47.91 -72 16 38.2
01 01 47.95 -73 19 39.4
01 01 48.62 -73 17 53.3
01 01 49.79 -72 29 56.1
01 01 52.75 -71 34 44.5
01 01 52.79 -72 56 16.8
01 01 56.36 -71 19 05.6
01 01 56.41 -73 48 06.1
01 01 57.54 -71 33 55.6
01 02 00.79 -71 51 15.8
01 02 00.91 -72 32 40.6
01 02 01.53 -72 58 58.7
01 02 02.07 -72 59 52.5
01 02 02.76 -73 09 47.1
01 02 03.18 -71 43 10.7
01 02 06.00 -71 57 19.6
01 02 06.16 -73 29 24.4
01 02 07.73 -73 21 42.4
01 02 07.94 -72 48 28.4
01 02 08.61 -73 04 06.3
01 02 09.24 -72 07 39.4
01 02 10.78 -72 47 02.2
01 02 13.13 -73 10 22.7
01 02 14.73 -73 21 02.2
01 02 14.90 -73 00 15.0
01 02 16.13 -72 44 24.2
01 02 17.48 -73 06 03.4
01 02 17.57 -72 59 49.2
01 02 18.12 -72 56 38.5
01 02 19.26 -73 22 21.8
01 02 21.57 -71 29 48.6
01 02 22.02 -73 26 07.8
01 02 22.72 -73 07 49.9
01 02 23.00 -73 00 31.3
01 02 23.57 -71 41 36.9
01 02 25.41 -73 42 23.2
01 02 26.24 -73 43 15.8
01 02 26.62 -74 01 38.4
01 02 26.82 -73 34 02.6
01 02 27.21 -73 32 36.9
01 02 27.49 -73 28 10.7
01 02 28.03 -72 03 27.6
01 02 28.32 -72 55 39.6
01 02 28.91 -71 19 52.1
01 02 29.26 -73 43 17.5
01 02 30.43 -73 26 41.8
01 02 32.06 -71 44 00.0
01 02 33.10 -73 01 39.3
01 02 33.83 -74 12 04.0
01 02 35.29 -73 18 57.8
01 02 36.18 -73 42 09.5
01 02 37.36 -72 05 07.2
01 02 41.42 -73 34 21.5
01 02 41.73 -72 17 11.1
01 02 41.80 -73 23 11.4
01 02 42.17 -72 23 59.1
01 02 42.96 -73 03 02.9
01 02 43.01 -71 19 30.8
01 02 43.02 -72 59 20.3
01 02 45.74 -73 21 39.0
01 02 46.13 -71 32 19.5
01 02 46.51 -71 59 15.9
01 02 46.69 -72 05 54.7
01 02 48.60 -73 26 01.9
01 02 50.29 -72 13 27.3
01 02 50.83 -71 43 45.4
01 02 51.21 -73 38 43.2
01 02 52.71 -73 04 19.7
01 02 54.31 -72 58 49.5
01 02 55.35 -72 12 34.6
01 02 56.53 -73 25 01.8
01 02 57.26 -73 46 01.4
01 02 57.79 -73 19 51.0
01 02 59.93 -73 56 07.4
01 03 00.70 -73 18 17.1
01 03 00.87 -73 18 16.6
01 03 01.49 -72 46 19.8
01 03 03.32 -72 48 20.0
01 03 03.47 -73 30 14.9
01 03 05.35 -71 57 24.9
01 03 06.41 -73 53 16.6
01 03 07.68 -71 26 34.1
01 03 08.47 -72 42 24.9
01 03 08.93 -72 11 44.1
01 03 11.03 -72 55 45.7
01 03 11.58 -73 40 50.3
01 03 12.17 -73 09 04.1
01 03 12.22 -73 19 14.1
01 03 12.29 -71 50 47.8
01 03 14.48 -71 56 56.6
01 03 14.86 -71 44 53.4
01 03 15.41 -72 56 38.0
01 03 17.26 -72 47 50.4
01 03 17.83 -73 24 03.7
01 03 19.29 -73 24 00.4
01 03 19.31 -73 22 06.1
01 03 20.71 -72 48 56.9
01 03 23.25 -73 10 22.8
01 03 23.31 -72 06 29.3
01 03 24.85 -72 57 08.0
01 03 26.64 -73 36 48.6
01 03 27.97 -72 46 14.8
01 03 28.72 -73 23 52.9
01 03 29.30 -73 08 29.1
01 03 30.45 -72 51 09.2
01 03 30.59 -71 54 32.0
01 03 30.83 -71 29 56.2
01 03 31.23 -73 35 31.2
01 03 33.34 -72 40 44.9
01 03 34.12 -73 27 43.9
01 03 35.11 -73 15 41.9
01 03 35.22 -73 32 51.1
01 03 36.39 -72 38 59.1
01 03 36.67 -71 51 46.5
01 03 36.69 -72 59 15.8
01 03 37.65 -73 42 47.1
01 03 38.74 -72 44 05.6
01 03 40.27 -72 55 55.7
01 03 40.86 -72 41 07.0
01 03 42.72 -71 52 24.8
01 03 43.06 -72 09 20.6
01 03 43.54 -72 20 30.1
01 03 45.16 -71 25 08.3
01 03 48.29 -71 22 11.6
01 03 51.09 -71 42 02.9
01 03 51.74 -71 40 35.3
01 03 52.21 -72 09 14.0
01 03 52.37 -72 05 28.2
01 03 53.89 -72 35 01.0
01 03 54.08 -73 05 58.9
01 03 54.61 -71 58 23.9
01 03 55.67 -72 46 33.3
01 03 57.25 -72 44 08.6
01 03 57.54 -73 08 55.3
01 03 57.90 -73 03 42.4
01 03 57.95 -73 26 53.5
01 03 58.38 -73 09 44.4
01 03 58.82 -73 19 12.1
01 03 59.12 -73 33 20.8
01 03 59.63 -72 40 40.2
01 03 59.97 -73 21 42.8
01 04 00.69 -73 27 16.6
01 04 02.09 -73 12 51.7
01 04 02.12 -73 05 53.9
01 04 02.88 -72 05 51.5
01 04 03.22 -72 14 48.0
01 04 03.28 -72 38 16.2
01 04 05.38 -71 18 53.3
01 04 05.49 -73 00 41.2
01 04 05.55 -73 22 10.4
01 04 05.93 -73 04 03.1
01 04 06.16 -73 24 09.8
01 04 06.36 -73 20 03.8
01 04 06.90 -73 00 23.5
01 04 07.17 -72 54 14.4
01 04 09.01 -72 29 39.8
01 04 09.16 -73 35 47.9
01 04 09.38 -73 29 54.5
01 04 09.47 -72 56 30.4
01 04 09.68 -73 20 15.2
01 04 09.96 -71 40 22.4
01 04 10.03 -72 22 29.0
01 04 11.67 -72 16 00.0
01 04 11.89 -72 58 42.7
01 04 12.89 -73 02 15.7
01 04 13.33 -73 11 55.1
01 04 13.79 -72 46 45.8
01 04 15.65 -71 19 04.7
01 04 15.79 -73 18 40.0
01 04 16.35 -71 45 42.6
01 04 17.19 -73 13 00.5
01 04 18.38 -73 13 55.0
01 04 19.08 -71 38 55.7
01 04 19.37 -72 24 14.3
01 04 19.46 -73 26 17.8
01 04 19.48 -73 33 01.9
01 04 19.95 -72 50 13.7
01 04 20.29 -72 43 45.7
01 04 22.22 -74 00 39.3
01 04 22.33 -73 16 10.8
01 04 23.83 -73 25 44.4
01 04 24.41 -73 12 46.0
01 04 25.34 -72 53 18.0
01 04 26.04 -73 21 23.5
01 04 27.44 -73 21 33.9
01 04 29.97 -71 29 36.1
01 04 30.06 -73 13 08.1
01 04 30.12 -72 13 46.5
01 04 30.28 -72 30 25.4
01 04 31.51 -72 37 09.1
01 04 31.81 -72 40 18.6
01 04 35.77 -72 19 20.2
01 04 37.52 -72 49 33.6
01 04 40.01 -72 19 10.9
01 04 42.06 -73 26 00.0
01 04 42.74 -73 00 48.4
01 04 43.43 -71 19 05.4
01 04 44.00 -72 20 47.7
01 04 45.30 -73 04 46.0
01 04 48.02 -74 10 22.0
01 04 49.13 -74 04 23.8
01 04 51.06 -73 13 12.8
01 04 52.36 -73 01 38.1
01 04 52.90 -73 27 39.7
01 04 53.23 -71 39 05.2
01 04 53.95 -73 34 28.1
01 04 54.25 -72 55 41.3
01 04 59.20 -72 24 58.0
01 05 00.37 -71 48 29.3
01 05 02.13 -72 42 44.4
01 05 03.44 -72 20 37.8
01 05 03.84 -72 51 53.0
01 05 05.86 -73 47 43.2
01 05 08.32 -72 21 37.4
01 05 08.41 -73 13 13.1
01 05 09.00 -72 40 08.0
01 05 10.04 -72 49 22.6
01 05 10.67 -73 30 53.1
01 05 11.91 -73 06 21.7
01 05 14.88 -73 23 40.2
01 05 16.83 -71 56 56.6
01 05 17.21 -71 51 44.3
01 05 17.85 -72 02 44.0
01 05 19.96 -72 41 17.3
01 05 20.17 -72 02 12.9
01 05 21.02 -71 35 37.0
01 05 21.26 -73 42 28.7
01 05 22.47 -72 02 09.4
01 05 22.71 -73 00 56.7
01 05 24.07 -71 37 20.4
01 05 24.96 -72 14 51.2
01 05 25.20 -71 30 23.0
01 05 26.61 -73 08 13.2
01 05 27.99 -72 40 38.6
01 05 28.28 -73 37 38.7
01 05 30.55 -72 23 56.4
01 05 32.71 -71 34 30.0
01 05 34.02 -72 42 28.7
01 05 34.06 -72 09 53.1
01 05 34.81 -72 07 22.2
01 05 35.41 -72 46 12.8
01 05 37.84 -71 50 36.0
01 05 39.14 -73 40 07.7
01 05 39.41 -71 29 13.9
01 05 39.76 -73 09 32.1
01 05 41.01 -73 23 09.0
01 05 41.12 -73 15 37.2
01 05 43.13 -73 03 05.1
01 05 43.17 -72 11 16.0
01 05 44.00 -73 03 21.1
01 05 44.79 -72 53 48.5
01 05 45.85 -73 23 59.3
01 05 45.93 -71 32 10.5
01 05 46.11 -71 42 45.4
01 05 46.53 -73 16 27.4
01 05 49.78 -72 23 52.6
01 05 50.36 -71 22 49.7
01 05 51.02 -73 07 11.9
01 05 51.64 -72 53 33.7
01 05 54.06 -73 26 02.1
01 05 55.81 -72 26 23.1
01 05 56.09 -71 55 28.6
01 05 56.25 -72 47 56.1
01 05 56.30 -71 21 20.5
01 05 57.62 -73 35 05.0
01 06 00.05 -73 34 39.5
01 06 00.64 -72 26 54.3
01 06 00.78 -71 41 38.0
01 06 02.42 -72 35 13.0
01 06 04.09 -71 30 49.9
01 06 04.19 -73 18 50.4
01 06 05.06 -72 52 58.4
01 06 07.25 -71 44 39.5
01 06 08.24 -73 44 32.4
01 06 08.59 -71 42 05.9
01 06 08.70 -74 11 45.2
01 06 08.90 -72 30 52.6
01 06 12.25 -73 52 15.6
01 06 13.97 -73 09 00.9
01 06 15.10 -73 29 50.8
01 06 17.22 -73 10 00.4
01 06 18.81 -74 06 46.2
01 06 20.40 -73 38 42.8
01 06 21.67 -73 26 42.2
01 06 22.72 -72 31 55.5
01 06 23.16 -73 41 15.3
01 06 28.36 -72 54 10.6
01 06 29.48 -73 31 35.9
01 06 30.01 -72 01 14.8
01 06 30.67 -73 15 56.0
01 06 31.07 -72 39 46.7
01 06 31.62 -73 00 54.4
01 06 32.48 -71 55 16.2
01 06 33.23 -72 12 10.4
01 06 33.68 -72 09 16.9
01 06 34.96 -72 57 02.1
01 06 35.24 -72 58 46.9
01 06 36.48 -72 06 39.0
01 06 37.38 -72 04 04.2
01 06 38.97 -73 11 59.0
01 06 40.45 -73 22 32.0
01 06 45.16 -73 04 07.3
01 06 45.63 -73 21 03.5
01 06 46.54 -72 17 17.1
01 06 47.00 -73 29 19.5
01 06 47.30 -71 36 56.2
01 06 47.97 -73 12 27.2
01 06 48.21 -73 25 44.9
01 06 49.00 -71 29 22.8
01 06 49.38 -73 27 38.6
01 06 49.66 -72 29 30.4
01 06 49.88 -72 29 54.2
01 06 51.53 -73 18 45.1
01 06 53.17 -72 35 04.7
01 06 53.33 -71 37 05.6
01 06 56.33 -72 18 04.9
01 06 56.57 -74 07 32.3
01 06 58.73 -73 51 25.1
01 06 59.00 -73 02 10.7
01 06 59.14 -71 41 06.6
01 06 59.36 -72 13 58.7
01 07 00.08 -73 38 18.3
01 07 00.38 -71 34 22.9
01 07 00.46 -72 03 53.1
01 07 00.93 -74 06 07.2
01 07 02.46 -71 53 27.1
01 07 03.31 -72 59 06.8
01 07 04.75 -72 13 19.8
01 07 05.06 -72 31 10.5
01 07 05.53 -71 36 24.3
01 07 05.54 -72 38 01.7
01 07 07.73 -71 48 24.9
01 07 11.63 -74 11 32.4
01 07 14.40 -71 55 10.8
01 07 15.35 -73 37 25.7
01 07 15.61 -73 22 38.6
01 07 15.67 -71 42 51.7
01 07 16.43 -72 26 12.6
01 07 17.19 -71 57 01.4
01 07 18.21 -73 22 32.3
01 07 18.40 -73 20 44.6
01 07 19.67 -71 57 29.0
01 07 19.84 -72 35 43.3
01 07 20.85 -73 12 43.2
01 07 21.48 -71 45 45.7
01 07 21.59 -72 38 58.7
01 07 21.66 -71 47 03.6
01 07 22.48 -74 01 22.6
01 07 23.64 -72 13 32.4
01 07 23.70 -73 05 25.1
01 07 24.19 -72 29 38.7
01 07 24.21 -72 42 41.9
01 07 24.67 -71 46 32.7
01 07 24.74 -72 31 20.7
01 07 25.40 -73 02 28.4
01 07 27.45 -73 06 46.3
01 07 27.73 -73 22 22.9
01 07 28.44 -73 10 12.3
01 07 29.97 -73 11 51.1
01 07 30.76 -71 22 01.4
01 07 32.89 -71 44 44.9
01 07 34.04 -73 07 15.0
01 07 34.69 -72 53 02.0
01 07 34.71 -71 54 39.0
01 07 35.38 -72 43 44.2
01 07 36.13 -72 46 43.0
01 07 36.13 -73 41 33.6
01 07 37.68 -72 48 08.3
01 07 38.55 -72 40 35.6
01 07 39.64 -73 34 02.7
01 07 43.85 -73 30 38.8
01 07 44.03 -72 19 22.1
01 07 48.19 -73 26 24.0
01 07 51.47 -72 57 27.5
01 07 53.84 -71 50 17.8
01 07 56.14 -72 22 10.3
01 07 56.67 -72 20 29.7
01 07 57.31 -72 42 55.8
01 07 57.66 -73 18 32.0
01 07 57.76 -72 49 11.1
01 07 58.00 -71 54 55.3
01 08 03.18 -73 19 11.1
01 08 03.19 -72 48 56.8
01 08 05.27 -73 12 41.8
01 08 06.76 -73 31 35.5
01 08 08.51 -72 23 17.2
01 08 09.87 -72 25 48.9
01 08 11.10 -73 00 30.5
01 08 11.14 -73 04 20.0
01 08 11.72 -73 39 52.7
01 08 12.23 -72 32 22.7
01 08 12.88 -71 40 08.6
01 08 15.70 -72 04 07.3
01 08 16.66 -73 24 03.8
01 08 17.80 -72 44 18.5
01 08 18.02 -73 50 33.6
01 08 18.48 -72 40 35.6
01 08 21.16 -73 56 24.0
01 08 21.45 -73 12 27.1
01 08 25.49 -72 51 53.9
01 08 28.13 -71 37 44.7
01 08 34.77 -72 36 02.7
01 08 36.59 -72 34 50.1
01 08 37.27 -73 42 11.4
01 08 40.10 -72 35 26.2
01 08 40.75 -73 13 03.4
01 08 44.12 -72 41 32.9
01 08 44.74 -72 53 40.7
01 08 47.07 -74 09 25.5
01 08 49.54 -72 25 17.2
01 08 51.97 -72 07 20.5
01 08 52.23 -71 27 49.6
01 08 53.34 -73 12 40.1
01 08 57.29 -72 03 37.2
01 08 57.33 -71 15 54.5
01 08 57.55 -73 28 02.8
01 08 57.69 -72 51 05.4
01 08 59.98 -71 52 13.9
01 09 00.06 -72 36 30.5
01 09 00.67 -71 28 04.7
01 09 01.95 -71 58 45.5
01 09 03.27 -73 36 00.9
01 09 03.29 -72 06 57.8
01 09 04.19 -73 18 25.8
01 09 04.54 -71 26 04.5
01 09 04.85 -72 20 15.0
01 09 07.53 -72 55 05.8
01 09 08.41 -73 19 09.9
01 09 10.23 -72 38 42.6
01 09 10.38 -73 25 30.5
01 09 11.18 -72 41 47.1
01 09 14.89 -73 16 49.6
01 09 17.23 -71 26 11.7
01 09 18.14 -73 01 42.8
01 09 18.65 -71 37 12.4
01 09 19.86 -71 29 23.1
01 09 20.11 -71 22 40.1
01 09 21.24 -72 30 21.7
01 09 21.37 -72 19 18.4
01 09 21.78 -71 47 59.3
01 09 22.46 -71 43 33.6
01 09 24.77 -72 33 31.9
01 09 25.00 -71 18 10.9
01 09 25.39 -73 17 48.2
01 09 28.37 -73 05 31.8
01 09 28.61 -73 59 12.5
01 09 30.59 -72 12 30.3
01 09 33.80 -73 09 00.3
01 09 35.24 -73 20 29.6
01 09 36.96 -72 57 41.7
01 09 40.61 -73 03 50.9
01 09 40.76 -73 43 05.8
01 09 41.10 -71 44 19.6
01 09 41.28 -71 17 10.4
01 09 41.72 -71 20 04.2
01 09 42.45 -72 17 36.2
01 09 42.79 -71 49 29.8
01 09 44.76 -72 50 55.7
01 09 45.92 -71 34 46.6
01 09 46.77 -73 34 34.5
01 09 47.24 -73 01 27.5
01 09 49.82 -71 48 33.2
01 09 50.55 -71 16 56.7
01 09 53.44 -73 07 13.7
01 09 53.65 -73 11 34.2
01 09 54.94 -73 16 10.2
01 09 57.16 -71 25 59.2
01 09 57.29 -71 58 54.9
01 09 58.44 -73 41 46.8
01 09 58.99 -72 43 40.7
01 10 02.09 -72 41 37.4
01 10 02.16 -72 23 24.8
01 10 02.23 -71 59 42.1
01 10 02.82 -72 32 07.3
01 10 04.64 -74 02 48.8
01 10 05.86 -72 05 28.2
01 10 06.06 -73 04 16.4
01 10 06.63 -73 39 05.0
01 10 11.26 -73 22 24.8
01 10 11.38 -73 10 36.6
01 10 12.63 -72 29 23.1
01 10 13.33 -71 20 03.8
01 10 15.00 -73 08 48.7
01 10 17.53 -72 38 54.0
01 10 19.82 -73 13 04.8
01 10 24.31 -72 34 30.1
01 10 26.63 -73 29 15.8
01 10 27.90 -72 26 43.5
01 10 29.05 -73 55 19.9
01 10 30.85 -72 54 38.8
01 10 32.48 -71 26 36.6
01 10 32.99 -71 57 34.2
01 10 34.61 -72 39 53.3
01 10 35.88 -72 55 56.3
01 10 36.21 -72 55 13.7
01 10 38.74 -72 54 05.6
01 10 39.02 -72 48 09.9
01 10 40.97 -72 46 06.8
01 10 41.81 -71 28 59.6
01 10 47.65 -72 39 44.3
01 10 48.74 -72 40 42.9
01 10 49.31 -72 47 33.8
01 10 53.66 -72 54 13.9
01 10 57.55 -72 30 07.6
01 10 58.42 -72 32 03.0
01 10 58.43 -73 09 26.2
01 11 02.81 -73 41 50.4
01 11 02.82 -72 54 10.0
01 11 04.32 -72 44 25.9
01 11 05.98 -72 25 12.9
01 11 08.22 -71 36 10.4
01 11 09.28 -72 37 35.2
01 11 11.12 -74 03 40.6
01 11 11.13 -72 04 48.5
01 11 14.26 -72 54 09.0
01 11 15.84 -72 55 01.5
01 11 19.71 -73 43 37.6
01 11 21.05 -72 46 18.5
01 11 22.82 -71 35 47.9
01 11 23.99 -72 27 02.9
01 11 25.74 -72 53 07.7
01 11 27.65 -71 57 24.0
01 11 29.57 -71 40 38.8
01 11 33.75 -72 11 05.5
01 11 37.06 -72 53 48.6
01 11 37.92 -72 58 02.5
01 11 37.93 -73 24 58.4
01 11 38.38 -72 23 33.3
01 11 38.74 -72 54 30.9
01 11 39.52 -71 41 28.5
01 11 40.92 -71 27 13.2
01 11 41.44 -71 50 41.5
01 11 42.17 -71 26 14.2
01 11 42.27 -72 36 24.8
01 11 44.54 -71 21 40.2
01 11 45.19 -73 39 31.0
01 11 46.00 -72 12 53.8
01 11 46.33 -71 37 27.0
01 11 46.94 -72 44 48.4
01 11 48.20 -71 55 51.4
01 11 48.50 -72 50 29.9
01 11 51.81 -73 14 47.5
01 11 55.75 -72 43 18.0
01 11 57.55 -73 21 08.5
01 11 58.17 -72 07 51.5
01 11 58.97 -72 13 12.2
01 12 04.08 -72 02 28.6
01 12 06.16 -72 25 48.9
01 12 07.15 -71 21 53.5
01 12 08.73 -71 47 11.1
01 12 08.76 -72 45 31.5
01 12 15.72 -73 03 56.5
01 12 16.85 -73 55 02.0
01 12 18.88 -71 34 50.5
01 12 21.74 -72 44 34.3
01 12 23.72 -71 49 44.7
01 12 25.00 -72 37 47.1
01 12 27.65 -72 10 02.2
01 12 38.42 -73 01 51.5
01 12 38.72 -71 19 18.2
01 12 40.32 -72 35 52.0
01 12 41.21 -71 29 05.0
01 12 42.65 -72 46 45.9
01 12 43.56 -71 44 38.3
01 12 43.85 -71 39 43.4
01 12 43.93 -73 54 59.3
01 12 46.44 -71 42 03.1
01 12 46.68 -72 25 37.4
01 12 48.04 -73 18 03.4
01 12 49.44 -72 00 51.0
01 12 50.19 -71 35 57.6
01 12 56.68 -73 31 05.3
01 12 57.40 -72 20 30.4
01 12 57.67 -73 05 00.6
01 13 06.14 -73 01 52.3
01 13 11.40 -72 30 51.6
01 13 11.98 -73 43 41.1
01 13 12.12 -72 52 31.4
01 13 15.49 -72 33 06.5
01 13 16.00 -73 24 08.4
01 13 16.30 -71 32 18.4
01 13 17.57 -72 27 46.0
01 13 17.95 -72 50 19.4
01 13 18.16 -72 59 53.0
01 13 21.78 -71 38 37.4
01 13 25.79 -73 37 39.6
01 13 26.77 -72 52 34.5
01 13 27.27 -72 36 38.3
01 13 29.91 -71 39 52.0
01 13 30.00 -72 14 30.8
01 13 32.06 -72 30 02.0
01 13 38.00 -73 58 51.5
01 13 42.02 -73 33 18.9
01 13 42.41 -71 41 39.6
01 13 42.57 -73 28 57.0
01 13 42.63 -74 11 45.3
01 13 43.58 -71 25 18.5
01 13 46.54 -72 11 43.0
01 13 46.67 -73 21 17.2
01 13 48.47 -72 24 35.5
01 13 49.44 -73 06 11.2
01 13 50.89 -71 32 02.5
01 13 53.38 -71 29 34.0
01 13 53.80 -72 46 04.4
01 13 54.68 -71 37 18.6
01 13 57.86 -73 21 26.8
01 14 00.08 -73 42 01.6
01 14 15.94 -72 31 06.0
01 14 16.09 -71 27 01.8
01 14 16.12 -71 30 52.6
01 14 16.83 -72 43 01.8
01 14 17.88 -73 07 23.2
01 14 18.79 -72 45 48.3
01 14 22.49 -73 55 57.4
01 14 22.50 -71 46 20.7
01 14 28.31 -73 24 34.4
01 14 34.07 -71 44 37.4
01 14 37.22 -71 30 00.4
01 14 37.69 -72 48 20.6
01 14 38.86 -72 54 49.2
01 14 39.59 -72 37 39.4
01 14 40.74 -71 47 24.6
01 14 42.65 -71 44 19.4
01 14 52.34 -71 32 54.0
01 14 53.64 -72 47 14.7
01 14 59.12 -73 13 15.8
01 15 03.27 -72 41 20.4
01 15 04.27 -72 34 35.4
01 15 05.52 -72 46 13.3
01 15 06.66 -71 41 39.1
01 15 11.38 -74 06 31.0
01 15 25.32 -72 40 38.1
01 15 31.84 -74 05 55.7
01 15 33.14 -71 35 58.5
01 15 38.50 -73 04 37.1
01 15 40.28 -71 41 31.4
01 15 42.42 -73 48 24.7
01 15 43.79 -73 39 58.2
01 15 49.16 -72 14 03.3
01 15 50.10 -72 32 21.0
01 15 51.25 -71 42 14.6
01 15 58.41 -72 17 58.5
01 15 58.60 -73 00 34.3
01 15 59.45 -71 20 45.3
01 16 05.50 -72 20 50.5
01 16 13.14 -73 36 50.7
01 16 13.76 -71 41 10.2
01 16 14.39 -73 38 33.6
01 16 24.52 -72 02 03.8
01 16 30.98 -72 24 06.7
01 16 31.08 -72 52 54.6
01 16 32.82 -72 05 17.9
01 16 43.77 -72 15 47.1
01 16 48.76 -72 30 08.1
01 16 49.70 -71 26 04.3
01 16 56.09 -73 22 45.9
01 16 58.72 -71 56 08.8
01 17 11.69 -71 31 08.0
01 17 12.49 -73 03 46.7
01 17 14.80 -73 04 51.5
01 17 17.28 -72 56 45.4
01 17 25.66 -73 09 27.3
01 17 38.45 -71 45 47.2
01 17 41.75 -72 23 14.5
01 17 46.71 -73 28 05.1
01 18 01.90 -72 06 13.5
01 18 08.92 -72 31 25.8
01 18 16.20 -71 41 28.2
01 18 17.24 -72 08 20.0
01 18 26.28 -72 51 01.4
01 18 33.11 -72 27 44.7
01 18 43.68 -73 41 42.5
01 18 49.74 -72 27 47.8
01 18 56.34 -72 49 44.5
01 19 07.85 -72 04 32.4
01 19 12.82 -73 23 11.7
01 19 18.58 -73 38 12.6
01 19 22.97 -73 55 02.1
01 19 31.46 -72 36 16.6
01 19 41.47 -72 00 00.2
01 19 51.02 -74 01 14.6
01 20 06.17 -72 31 42.7
01 20 07.52 -73 03 24.6
01 20 09.31 -72 50 56.2
01 20 51.23 -72 30 21.6
01 21 05.89 -73 22 48.8
01 21 18.41 -71 49 48.5
01 21 28.98 -72 59 06.6
01 21 48.04 -72 38 00.6
01 22 07.39 -71 31 47.9
01 22 08.05 -72 57 53.9
01 22 39.22 -73 12 40.8
01 22 49.22 -72 24 59.5
01 23 20.28 -73 16 13.3
01 23 56.94 -72 43 31.7
01 23 58.98 -73 58 14.8
01 24 19.37 -72 58 01.2
01 24 38.96 -73 02 44.1
