2.464 -1.907 17.324
2.690 0.516 17.174
2.606 -1.281 17.117
2.523 -0.686 17.142
2.406 -1.855 17.667
2.451 -1.061 16.849
2.361 -1.162 16.969
2.459 -0.311 17.006
2.372 -0.728 15.977
2.431 -1.129 15.513
2.260 -1.487 16.620
2.418 -0.877 15.345
2.168 -0.679 15.716
2.637 -0.674 17.385
2.324 -1.012 17.227
2.101 -0.521 16.859
2.217 -0.788 17.285
2.185 -1.161 14.937
2.245 -1.160 16.950
2.236 -0.624 16.819
2.496 -1.312 17.252
2.282 -1.371 17.063
2.490 -0.212 17.077
2.185 -0.469 15.929
2.200 -1.257 15.964
2.242 -0.543 15.352
2.157 -0.481 17.109
2.326 -0.923 17.488
2.063 -1.348 16.590
2.050 -1.264 16.913
2.384 -0.869 16.687
2.065 -0.990 17.313
2.262 -0.761 17.038
2.039 -1.491 15.856
2.259 -1.244 16.876
2.200 -1.184 16.447
1.604 -0.623 15.343
2.290 -0.788 17.036
2.229 -1.797 17.247
2.113 -0.738 17.078
2.038 0.104 17.268
2.191 -0.262 16.648
2.229 -0.767 17.359
2.064 -0.418 15.364
2.180 -1.051 15.330
2.003 -1.350 16.225
2.124 -1.444 17.199
2.176 -0.621 16.559
1.796 -0.994 16.955
2.083 -1.232 17.529
1.871 0.409 15.974
1.775 1.755 16.979
1.802 -1.592 17.477
1.940 -1.400 17.204
2.011 -0.808 16.713
1.815 0.011 15.280
1.806 -1.575 16.765
1.905 -1.316 16.569
1.984 -1.248 16.912
1.864 -0.910 16.581
1.363 -0.711 17.218
1.774 -1.295 16.040
1.934 -1.321 17.746
1.952 -0.582 17.259
1.821 -0.924 17.317
1.585 -0.490 16.474
1.936 -0.648 17.166
1.823 -0.085 17.042
1.759 -0.607 16.309
1.758 -1.237 17.134
1.706 -0.767 14.909
1.733 -0.192 16.210
1.993 -0.717 17.007
1.645 0.159 17.166
1.769 0.044 16.888
1.602 -1.016 16.834
1.681 0.246 16.834
1.793 -0.027 16.406
1.548 -0.720 16.594
1.918 -1.069 16.696
1.528 0.001 16.641
1.553 -1.033 15.720
1.663 -0.312 17.020
1.845 -1.057 17.506
1.746 -0.930 17.045
1.537 -0.770 17.042
1.587 0.176 16.396
1.639 -0.696 17.297
1.700 -1.339 17.611
1.645 -1.094 17.525
1.460 -0.242 16.813
1.590 -1.350 17.054
1.528 -0.298 16.519
1.625 -1.338 17.439
1.388 -0.434 15.548
1.621 -1.595 15.919
1.496 -0.912 16.641
1.603 -0.166 16.319
1.464 -0.174 16.654
1.517 -0.610 16.704
1.449 -0.180 16.442
1.529 -0.992 17.506
1.576 -1.722 15.542
1.530 -0.586 16.637
1.494 -0.347 16.976
1.548 -1.065 17.052
1.789 -0.200 16.887
1.444 -0.478 17.446
1.423 -0.648 16.363
1.446 -0.757 16.314
1.294 -0.754 16.115
1.479 -1.424 17.390
1.854 -0.106 17.164
1.428 -1.069 17.439
1.646 -0.650 16.168
1.736 -0.219 16.383
1.329 -1.228 17.081
1.412 -0.032 17.520
1.314 -0.570 15.777
1.491 -1.244 17.700
1.322 -0.880 16.946
1.373 -1.199 15.952
1.196 -0.825 14.148
1.413 -0.924 17.278
1.339 -1.298 17.087
1.347 -0.142 17.037
1.314 -1.525 17.678
1.431 -1.548 17.386
1.086 -0.963 17.273
1.212 -1.113 15.083
1.285 -0.937 17.086
1.213 -1.231 16.691
1.347 -1.463 17.096
1.227 -1.887 16.747
1.348 -1.570 17.114
1.336 -0.924 17.314
1.317 -2.288 17.439
1.373 -2.450 17.632
1.299 -1.571 16.336
1.192 -1.221 15.652
1.208 -0.238 16.364
1.351 -1.545 17.290
1.257 -0.716 17.113
1.139 -0.484 17.040
1.304 -0.949 17.454
1.098 -1.069 17.521
1.140 -0.924 14.489
1.256 -1.111 17.304
1.053 -1.023 14.685
0.932 -1.404 16.534
1.232 0.189 17.522
1.154 -0.974 16.569
1.094 -1.133 16.143
1.233 -1.036 16.625
1.216 -0.380 15.818
1.102 0.175 16.485
1.123 -0.023 16.359
1.147 0.259 16.616
1.179 -0.979 17.268
1.123 -0.844 17.245
0.409 -0.561 17.804
1.065 -0.753 17.120
1.231 -0.780 17.352
1.532 0.019 16.856
1.197 -1.949 17.356
1.123 -1.673 15.872
1.036 -1.042 16.897
1.351 -2.302 16.248
1.021 -0.567 16.868
1.144 -0.071 16.641
1.387 -1.431 15.682
0.962 -0.540 16.558
1.238 0.334 17.440
1.011 -1.563 17.217
1.216 -0.954 16.018
1.241 -1.569 17.458
1.113 -0.061 16.980
0.917 -0.490 16.475
1.050 -1.057 16.020
1.393 -0.362 18.065
1.107 -0.284 15.991
1.080 0.160 16.648
1.054 0.092 15.211
1.152 -0.282 16.732
0.916 -0.116 16.507
1.016 -1.250 17.434
0.968 -1.071 15.579
1.128 -0.463 16.559
1.033 -1.348 17.349
1.087 -1.403 16.007
0.754 -0.268 15.765
1.037 -1.324 17.525
1.021 -0.327 16.543
0.958 -1.415 16.761
1.044 -2.199 16.390
0.991 -1.045 15.699
0.969 -1.084 17.211
1.100 -0.559 17.189
1.028 0.276 16.615
1.013 -0.329 16.802
1.010 0.447 15.901
1.016 -1.002 17.281
1.028 -1.033 17.382
0.928 -0.616 16.212
0.948 -0.132 16.735
0.964 0.405 17.106
1.057 -1.315 17.397
1.031 -0.342 17.052
0.843 -0.384 14.467
1.123 -0.142 17.760
0.942 -0.277 16.928
1.002 -0.057 15.983
0.932 -1.429 16.991
1.007 -1.775 17.462
0.989 -0.321 16.756
1.008 -0.038 16.901
0.944 -0.301 15.852
0.941 -0.366 16.834
0.906 -0.220 16.329
0.876 -0.481 16.108
0.953 0.248 16.746
0.842 -0.195 16.298
0.998 -0.198 17.078
0.921 0.025 16.828
0.849 -1.277 17.197
0.945 -0.126 17.004
1.000 -0.571 16.494
0.967 -0.434 17.202
0.934 -0.781 16.553
0.972 -0.086 16.628
0.931 -0.104 15.644
0.965 -0.390 14.639
0.821 0.015 15.825
0.910 -0.430 16.955
0.914 -0.165 17.165
0.847 -0.102 16.845
0.989 -0.931 15.678
0.723 -1.002 16.728
0.900 0.395 16.868
1.034 -1.178 17.354
0.974 -0.106 16.964
0.906 -0.455 16.349
0.878 0.035 16.678
0.934 0.046 16.530
0.931 -0.546 17.328
0.911 -1.148 17.167
1.020 -0.120 17.394
0.616 -0.658 16.504
0.818 -0.242 16.366
0.782 0.311 16.685
0.925 -2.001 17.621
0.925 -0.324 16.521
0.878 -2.067 17.601
0.873 -0.615 15.642
0.885 -0.094 17.109
0.836 -1.005 16.178
0.909 0.543 16.531
0.873 -0.439 17.484
0.833 -0.205 15.834
0.858 -0.169 16.515
0.698 -0.336 15.060
0.946 -0.149 15.167
0.868 -0.173 16.962
0.765 -0.197 16.506
0.794 -0.725 16.992
0.980 -0.432 15.284
0.892 -0.238 16.901
0.813 0.002 16.749
0.881 -0.139 17.152
0.597 -0.160 15.839
0.873 -0.204 17.284
0.889 -1.126 17.028
0.906 -0.548 16.912
0.799 -0.645 14.511
0.896 -0.273 16.682
0.823 -0.120 16.152
0.843 -0.405 16.627
0.846 0.230 16.409
0.831 -0.125 16.838
0.861 -0.202 16.926
0.903 -1.394 17.051
0.806 0.138 16.907
0.889 -1.957 17.121
0.751 -0.291 15.424
0.800 -1.892 17.416
0.808 -0.190 16.695
0.829 -2.057 17.456
0.785 0.373 16.416
0.810 -0.297 16.292
0.780 -1.183 16.821
0.767 -0.742 16.989
0.773 -0.168 15.834
0.789 0.135 17.082
0.815 -0.022 16.887
0.815 -0.126 17.081
0.828 -0.075 16.939
0.790 -1.173 16.896
0.754 0.102 16.436
0.739 0.004 16.594
0.688 -1.241 14.867
0.816 0.198 16.317
0.842 -0.138 16.967
0.793 -1.332 15.650
0.746 -0.387 15.200
0.902 0.384 16.699
0.886 -0.422 16.760
0.803 -0.300 16.654
0.818 -0.946 17.239
0.679 -0.021 16.480
0.775 -0.185 16.658
0.770 -0.242 15.313
0.592 -0.000 16.038
0.791 -0.413 16.354
0.759 -1.176 17.085
0.817 -0.197 16.897
0.753 0.058 16.974
0.894 -0.397 16.302
0.771 -0.264 16.519
0.825 -0.353 16.429
0.845 0.027 16.668
0.787 -0.331 16.511
0.758 0.044 17.097
0.714 -0.116 16.459
0.697 -0.071 16.352
0.762 -0.228 16.752
0.807 -0.608 15.598
0.868 0.288 17.330
0.723 -0.717 17.217
0.664 -1.467 16.717
0.854 -0.672 17.799
0.759 -0.170 16.825
0.715 -0.403 14.697
0.749 -0.245 17.038
0.669 -1.342 16.379
0.754 -0.271 17.000
0.707 -0.239 16.863
0.746 -0.116 16.970
0.759 0.215 16.435
0.887 -0.406 17.186
0.768 -1.808 17.624
0.744 0.231 16.540
0.742 -1.270 17.490
0.793 -0.494 15.161
0.730 0.136 16.106
0.787 0.094 16.839
0.781 -0.584 15.226
0.695 0.192 16.679
0.716 -0.453 17.091
0.644 -0.955 16.548
0.576 0.448 16.530
0.758 0.170 17.048
0.748 0.186 16.922
0.656 -0.164 14.430
0.728 -0.565 16.934
0.705 -0.077 16.512
0.799 -1.368 17.648
0.750 -0.338 14.588
0.771 -0.190 16.715
0.740 -0.874 17.387
0.841 -0.415 17.514
1.010 -0.341 18.492
0.688 -0.471 16.446
0.755 -0.237 17.235
0.595 -0.336 17.092
0.761 0.257 16.932
0.695 -0.277 16.823
0.741 -0.184 16.006
0.643 -0.247 16.886
0.936 -0.575 16.432
0.740 -0.712 16.073
0.733 -0.343 16.920
0.850 -0.430 14.977
0.781 -0.586 14.862
0.794 -1.251 17.940
0.719 -0.321 16.260
0.609 -0.230 15.361
0.634 -1.118 16.720
0.622 -0.283 15.249
0.783 -0.247 16.778
0.716 0.263 17.530
0.592 -0.007 16.409
0.587 0.038 16.484
0.709 -0.407 16.980
0.767 -0.395 17.226
0.747 -0.216 17.377
0.685 0.070 17.005
0.668 0.011 16.722
0.657 -0.372 16.658
0.701 -0.561 17.320
0.321 0.072 15.249
0.605 0.017 16.428
0.795 -0.290 17.315
0.856 -0.390 16.699
0.676 0.184 17.198
0.681 -0.594 16.918
0.706 -0.275 15.657
0.652 0.095 16.487
0.756 -0.202 16.957
0.658 -0.577 16.352
0.703 -0.294 16.735
0.634 -0.644 16.864
0.548 -0.308 16.696
0.626 -0.259 16.912
0.679 -0.068 17.020
0.636 -0.008 16.565
0.719 -0.087 17.027
0.649 -0.320 17.644
0.618 -0.230 15.581
0.635 -0.184 16.729
0.613 0.529 14.712
0.613 -0.143 16.361
0.679 -0.909 15.119
0.633 -0.500 17.179
0.892 -0.612 17.680
0.649 -0.072 16.734
0.755 -0.359 17.205
0.621 0.052 16.757
0.657 0.110 17.207
0.546 -0.583 16.233
0.718 -0.301 16.910
0.686 -0.398 16.671
0.662 0.116 16.609
0.593 -0.448 14.387
0.671 -0.682 17.123
0.627 0.099 16.767
0.590 -1.519 16.750
0.654 -0.161 16.895
0.636 -1.116 17.488
0.654 -0.017 16.670
0.598 0.092 17.410
0.691 -0.219 16.601
0.564 -0.552 14.570
0.611 -0.204 16.601
0.689 -0.236 15.414
0.742 -0.271 17.628
0.440 0.046 15.568
0.623 -0.946 17.359
0.661 -0.498 14.881
0.649 -0.460 17.541
0.625 -0.220 16.578
0.614 0.137 15.732
0.576 0.056 16.331
0.590 -0.148 16.703
0.580 -0.776 15.754
0.612 -0.125 16.269
0.653 -0.104 16.769
0.612 0.209 16.597
0.668 -0.207 16.964
0.538 -0.482 16.405
0.580 -0.371 15.090
0.619 0.334 17.301
0.563 -0.657 15.625
0.604 -0.552 16.255
0.567 -0.466 16.641
0.609 0.543 16.775
0.572 -1.726 17.014
0.591 -0.167 16.306
0.653 0.293 17.728
0.665 -0.529 14.821
0.559 -0.278 15.129
0.605 -0.876 15.954
0.559 -0.372 16.362
0.537 -0.150 16.559
0.617 -0.886 17.325
0.639 -0.173 16.587
0.594 0.020 16.566
0.375 0.018 15.530
0.636 -0.373 17.136
0.555 -0.586 16.771
0.593 0.050 16.554
0.560 -0.562 16.643
0.582 -0.797 16.823
0.546 0.085 16.440
0.711 -0.572 17.061
0.634 -0.067 17.012
0.763 -0.611 17.398
0.616 -0.419 17.045
0.549 0.161 16.371
0.522 -0.143 16.509
0.551 -0.369 16.903
0.624 0.066 16.775
0.481 -0.219 16.891
0.543 -0.057 16.731
0.518 -0.268 16.528
0.657 -0.172 15.424
0.640 -0.247 16.932
0.504 -0.226 16.641
0.574 -1.754 17.279
0.668 -0.109 15.177
0.561 -0.799 17.139
0.535 0.234 16.178
0.573 -0.504 17.096
0.567 0.229 15.838
0.569 0.765 16.417
0.524 0.022 17.010
0.533 0.665 16.395
0.537 -0.341 16.300
0.507 -1.023 16.833
0.558 0.063 16.911
0.520 0.455 15.269
0.524 -0.674 15.575
0.597 -0.235 17.446
0.533 -0.405 16.704
0.509 0.050 16.364
0.683 -0.395 17.343
0.530 0.256 16.717
0.528 -0.342 14.606
0.567 -0.318 17.228
0.523 -0.573 15.394
0.533 0.491 16.827
0.632 -0.227 16.949
0.552 -0.398 17.238
0.556 0.056 15.987
0.552 -0.062 15.718
0.550 0.353 17.173
0.572 -0.283 16.821
0.509 -0.300 16.670
0.513 -0.682 16.579
0.663 -0.514 15.853
0.552 0.324 16.588
0.500 0.183 17.134
0.572 -0.162 17.064
0.481 -0.322 16.512
0.610 -0.249 16.822
0.502 -0.559 16.429
0.614 0.488 16.622
0.574 -0.294 16.689
0.554 -0.208 17.392
0.532 0.147 16.483
0.539 -0.369 17.275
0.516 -0.393 16.911
0.521 -0.544 15.249
0.616 -0.470 16.385
0.661 -0.685 17.606
0.507 -0.751 16.629
0.422 -0.585 16.655
0.517 0.014 15.996
0.584 -0.158 16.246
0.509 0.338 16.985
0.486 -0.395 14.994
0.549 -0.714 17.692
0.577 -0.709 15.294
0.489 0.240 15.256
0.601 -0.340 15.315
0.519 0.075 16.857
0.488 0.448 16.744
0.515 0.138 15.641
0.498 0.299 17.015
0.454 -0.613 17.203
0.451 0.563 16.752
0.446 -0.243 14.609
0.464 -1.031 17.000
0.413 -0.500 15.569
0.506 -0.474 16.268
0.716 -0.396 17.724
0.540 -0.470 17.410
0.424 -0.662 16.644
0.450 -0.055 15.016
0.480 0.448 17.207
0.461 -0.033 16.547
0.485 -0.366 16.991
0.459 -0.632 16.848
0.421 -0.036 16.215
0.583 -0.104 17.363
0.478 0.252 16.382
0.592 -0.331 15.008
0.469 -0.132 16.391
0.423 -0.454 16.674
0.450 -1.245 16.946
0.324 0.243 15.736
0.478 0.336 16.211
0.425 0.098 16.976
0.620 -0.122 18.094
0.493 0.172 15.957
0.375 0.291 16.944
0.421 0.043 14.435
0.444 -1.305 15.418
0.492 -0.531 17.101
0.422 -0.540 16.460
0.568 -0.578 17.228
0.550 1.623 16.790
0.448 -0.040 16.643
0.451 0.070 16.527
0.455 -0.025 15.547
0.413 -0.529 16.613
0.552 -0.260 17.617
0.355 -0.457 16.018
0.475 -0.015 17.086
0.478 0.149 16.285
0.570 -0.125 16.895
0.570 0.900 17.168
0.433 0.047 17.184
0.368 -0.541 16.365
0.460 0.411 16.015
0.556 -0.388 17.453
0.431 0.168 16.438
0.429 -0.083 14.993
0.432 -1.222 17.100
0.416 -0.104 16.553
0.446 0.218 16.584
0.385 0.521 16.457
0.494 -0.325 15.950
0.405 0.134 15.796
0.649 -0.525 15.350
0.419 0.324 16.829
0.462 -1.196 16.316
0.442 0.215 17.128
0.442 -0.036 16.909
0.496 -0.309 17.835
0.418 -0.230 16.463
0.396 -0.103 16.562
0.556 -0.890 17.369
0.403 0.196 15.475
1.107 -1.001 17.278
0.539 -0.124 15.438
0.432 -0.556 15.952
0.401 0.356 16.331
0.466 0.048 17.265
0.402 -0.557 16.549
0.471 -0.007 16.507
0.401 0.162 16.586
0.453 -0.212 17.439
0.483 -0.463 16.992
0.406 -0.584 16.464
0.393 -0.443 16.665
0.390 -0.571 16.682
0.452 -0.166 17.187
0.377 -0.517 16.561
0.396 -0.827 17.217
0.410 -1.105 17.308
0.415 -0.354 16.727
0.369 0.044 16.035
0.469 -0.067 16.805
0.508 -0.227 15.719
0.421 -0.724 16.982
0.376 0.286 16.337
0.408 0.466 16.399
0.420 0.610 16.589
0.395 -0.574 16.946
0.375 0.564 16.428
0.407 0.049 16.758
0.364 0.257 16.614
0.385 -1.717 17.145
0.385 0.365 16.052
0.390 0.641 16.604
0.414 -0.063 15.962
0.354 0.028 15.442
0.403 0.169 16.572
0.370 -0.556 16.848
0.388 -0.312 16.676
0.338 0.014 16.256
0.404 -0.208 17.663
0.397 0.161 15.378
0.413 0.926 17.311
0.388 -0.868 16.476
0.427 -0.298 14.658
0.323 -0.553 15.813
0.382 -0.329 15.199
0.425 0.124 17.099
0.401 0.232 17.629
0.454 -0.258 15.799
0.367 -0.284 15.759
0.375 -0.665 17.062
0.475 -0.278 17.325
0.374 0.380 16.187
0.363 -0.465 16.569
0.361 -1.262 17.292
0.357 -0.711 16.915
0.388 0.009 16.713
0.368 0.171 16.100
0.327 -0.699 16.623
0.405 -0.412 16.873
0.400 -0.142 16.921
0.410 -0.800 17.682
0.356 -0.378 16.485
0.340 -0.518 16.433
0.400 -0.347 15.092
0.431 -0.147 15.665
0.209 0.282 14.749
0.359 -0.342 16.520
0.415 -0.070 17.584
0.384 0.154 17.232
0.344 -0.697 15.830
0.364 -0.014 16.603
0.342 0.601 17.338
0.351 0.028 16.682
0.351 -0.406 17.104
0.315 0.052 16.762
0.402 -0.679 15.543
0.358 -0.619 16.032
0.350 0.036 16.483
0.370 -0.440 15.665
0.355 -0.379 16.772
0.325 -0.428 14.754
0.369 0.125 15.821
0.334 -0.114 16.726
0.308 -0.516 16.617
0.288 -0.559 16.861
0.290 0.850 15.530
0.311 0.508 16.548
0.389 0.529 17.163
0.363 0.815 16.380
0.332 -1.019 16.853
0.354 0.139 16.890
0.350 0.031 15.938
0.308 -0.144 17.303
0.320 -0.896 17.007
0.339 -0.012 16.714
0.326 -0.860 16.966
0.289 -0.715 17.122
0.327 -0.428 16.943
0.284 -0.549 16.310
0.332 0.217 16.826
0.353 -0.299 17.252
0.369 0.048 16.103
0.332 0.325 16.628
0.299 -0.310 15.873
0.332 -0.359 16.801
0.337 -0.789 17.024
0.237 0.159 16.115
0.354 -0.206 16.746
0.300 -0.420 16.786
0.306 0.039 16.010
0.353 -0.179 16.303
0.337 -0.758 16.786
0.284 -0.789 16.974
0.313 -0.786 16.775
0.294 0.199 16.667
0.352 0.501 15.593
0.307 0.277 17.158
0.297 0.311 16.513
0.298 -0.441 16.833
0.325 0.050 17.037
0.302 0.072 16.649
0.355 -0.611 17.239
0.283 0.659 16.400
0.294 -0.122 15.180
0.325 -0.249 16.841
0.326 -0.385 15.749
0.312 0.430 16.398
0.308 0.380 15.513
0.316 0.063 16.117
0.287 0.276 17.065
0.309 -0.012 16.782
0.298 -0.114 15.982
0.308 0.479 15.521
0.310 -0.265 16.292
0.312 -0.081 14.452
0.326 0.000 16.311
0.278 0.529 16.246
0.285 -0.046 16.637
0.349 -0.618 17.158
0.329 -0.054 15.833
0.308 0.527 17.224
0.244 -1.438 17.033
0.312 -0.482 17.324
0.272 -0.600 15.735
0.291 0.140 16.020
0.291 -0.052 14.439
0.328 0.151 17.251
0.276 -0.011 16.124
0.272 -0.536 16.804
0.370 -0.234 16.700
0.304 -0.444 16.949
0.287 -0.002 15.774
0.290 -0.188 14.397
0.276 -0.700 16.625
0.276 -0.581 15.804
0.333 -0.230 16.993
0.283 -0.192 16.467
0.292 0.171 16.756
0.276 -0.065 15.778
0.258 0.351 16.262
0.278 -0.196 16.217
0.278 0.305 16.378
0.253 -0.599 16.777
0.277 -0.284 17.388
0.277 0.262 17.351
0.289 0.134 16.999
0.291 -0.516 14.964
0.290 -0.505 16.896
0.308 0.119 17.118
0.263 0.276 14.308
0.269 0.027 16.220
0.271 -0.557 15.424
0.258 -0.747 16.211
0.285 0.393 15.919
0.276 0.020 17.134
0.239 -0.672 16.460
0.283 0.049 16.828
0.303 0.154 15.947
0.308 -0.269 15.427
0.318 -0.477 15.341
0.268 0.584 17.175
0.263 -0.727 15.092
0.253 -0.774 16.898
0.309 -0.004 16.557
0.213 -0.512 16.597
0.276 0.465 17.347
0.285 0.185 16.772
0.250 0.394 16.500
0.299 -0.348 17.346
0.289 0.204 16.707
0.261 0.054 16.444
0.236 -0.115 14.828
0.290 0.003 15.148
0.270 -0.407 17.213
0.235 0.418 16.692
0.234 -0.058 15.105
0.255 -1.278 16.931
0.272 -0.168 17.230
0.258 0.297 16.318
0.237 0.173 16.365
0.216 0.488 14.597
0.269 -0.162 15.251
0.225 -0.442 16.028
0.263 -0.133 17.061
0.245 0.731 16.850
0.249 0.500 17.265
0.248 0.307 16.224
0.219 -0.586 15.378
0.202 -0.435 16.864
0.237 0.571 15.895
0.231 0.521 17.395
0.231 -0.119 16.864
0.222 -0.043 16.941
0.226 -0.596 15.987
0.243 -0.360 15.908
0.207 -0.531 15.606
0.277 -2.099 16.741
0.227 0.674 16.287
0.145 0.002 16.165
0.223 -0.074 16.438
0.224 -0.044 16.928
0.239 0.078 15.993
0.205 -0.838 17.040
0.227 -0.316 16.497
0.213 -0.063 16.032
0.206 0.337 14.827
0.197 -0.508 14.793
0.214 -1.391 17.192
0.182 0.165 15.782
0.310 -0.688 17.117
0.230 -0.386 15.603
0.222 0.367 16.870
0.208 -0.312 14.747
0.184 -0.210 17.296
0.210 0.148 16.901
0.221 0.036 17.199
0.215 -0.446 15.244
0.185 0.745 15.386
0.175 -1.115 16.921
0.225 0.097 16.601
0.183 -0.655 16.709
0.202 0.310 17.005
0.191 0.653 16.460
0.203 0.197 16.578
0.221 0.227 16.357
0.212 -0.442 17.142
0.219 0.461 14.872
0.225 -0.045 15.316
0.250 -0.144 14.693
0.207 -0.449 16.641
0.203 -0.939 17.135
0.216 0.007 16.790
0.214 -0.600 15.237
0.178 -0.212 16.853
0.161 0.751 16.485
0.194 -0.572 16.640
0.205 0.604 16.542
0.223 0.137 16.952
0.236 0.377 17.199
0.237 1.060 17.332
0.213 1.027 16.950
0.231 -0.287 17.012
0.199 -0.675 15.558
0.189 -1.369 17.089
0.199 -0.296 15.574
0.203 -0.092 16.352
0.188 0.533 16.310
0.185 0.116 17.272
0.182 -0.770 17.216
0.203 -0.177 16.162
0.211 -0.288 16.532
0.176 -0.044 16.714
0.183 -0.691 15.431
0.191 -0.829 17.290
0.171 -0.234 16.718
0.208 -0.039 17.082
0.193 -0.555 15.354
0.157 -0.127 17.078
0.169 -0.581 15.093
0.200 -0.511 16.003
0.180 0.109 15.298
0.213 0.637 17.040
0.177 -0.182 16.216
0.165 -0.300 16.660
0.158 -0.111 16.195
0.196 -0.924 17.431
0.193 0.300 15.010
0.173 -1.373 16.754
0.182 -1.025 15.298
0.159 0.589 16.705
0.173 -1.023 17.152
0.190 -0.259 17.029
0.174 -0.799 16.756
0.176 -1.235 16.864
0.156 1.057 15.577
0.184 -0.050 16.712
0.189 0.102 16.767
0.153 -0.692 15.718
0.167 -0.407 16.817
0.176 -0.094 15.230
0.158 -0.640 15.087
0.187 -0.029 17.116
0.185 0.251 16.805
0.191 0.135 17.410
0.157 0.403 15.389
0.175 -0.257 16.898
0.154 -0.458 16.940
0.170 -0.539 16.557
0.168 -0.019 15.252
0.165 0.045 14.716
0.161 -0.433 16.254
0.169 -0.284 16.121
0.165 0.048 15.235
0.179 0.165 16.135
0.182 0.149 16.614
0.164 0.268 16.514
0.174 0.146 14.746
0.164 0.220 16.726
0.163 -0.578 15.850
0.170 0.237 16.604
0.153 -0.786 16.910
0.146 -0.864 14.918
0.130 -0.575 16.106
0.183 -0.450 15.635
0.151 -0.081 16.483
0.139 -0.459 15.512
0.147 0.008 16.388
0.171 0.834 16.450
0.101 -0.504 15.404
0.167 -0.111 15.069
0.155 0.445 16.341
0.137 -0.057 16.445
0.135 -0.161 16.938
0.136 -0.551 15.849
0.151 -1.071 17.563
0.151 -0.216 15.316
0.157 -0.448 15.587
0.146 -0.614 16.613
0.159 0.048 15.274
0.162 -0.380 17.247
0.141 0.501 17.099
0.155 -0.570 16.685
0.138 0.046 16.457
0.141 -0.727 16.789
0.145 -0.622 15.607
0.153 0.238 16.929
0.141 -0.025 14.847
0.138 -0.764 16.833
0.137 -0.061 16.306
0.145 -0.064 14.513
0.129 -0.554 15.404
0.152 0.445 17.370
0.139 0.445 16.979
0.135 0.441 17.095
0.130 -0.124 15.596
0.134 -0.402 17.018
0.121 -0.225 16.086
0.138 -0.459 15.272
0.125 0.289 16.727
0.114 0.022 15.908
0.117 0.035 15.394
0.122 -0.571 16.653
0.099 0.385 16.242
0.109 -0.539 15.370
0.115 -1.047 16.191
0.119 -0.055 15.813
0.120 0.133 16.918
0.117 0.354 16.805
0.117 -1.659 17.172
0.116 -0.749 16.622
0.130 -0.335 16.792
0.123 -0.166 16.898
0.108 -0.335 16.251
0.144 -0.635 16.274
0.107 -0.185 16.579
0.116 0.403 16.719
0.127 0.630 16.529
0.119 -0.229 16.792
0.122 0.231 16.702
0.110 0.407 16.409
0.133 0.026 16.329
0.121 0.520 14.752
0.109 0.020 15.849
0.108 -0.061 16.223
0.122 -0.865 15.748
0.108 0.107 17.152
0.145 -0.400 16.422
0.145 1.425 17.458
0.110 -0.473 16.268
0.098 -0.843 17.190
0.110 -0.355 16.657
0.097 0.212 16.803
0.094 0.138 16.392
0.100 0.227 16.515
0.108 0.103 17.112
0.101 -1.070 16.989
0.107 -0.884 16.768
0.107 -0.034 14.488
0.118 -0.629 16.100
0.101 -1.323 17.022
0.100 -0.199 16.895
0.106 0.446 14.707
0.089 0.538 14.943
0.108 0.361 15.722
0.102 -0.291 16.005
0.101 -0.460 16.013
0.114 0.593 15.928
0.107 -0.308 17.164
0.097 1.201 16.210
0.100 -0.075 15.707
0.091 -0.282 16.450
0.086 0.018 16.849
0.094 0.790 16.594
0.093 0.285 17.075
0.096 -0.110 17.209
0.074 -0.751 16.646
0.082 -0.760 15.080
0.086 -0.218 17.128
0.083 -0.543 16.564
0.082 0.109 16.564
0.097 -0.351 16.171
0.088 -0.077 15.948
0.054 0.721 15.651
0.088 0.324 17.241
0.083 -0.474 15.817
0.084 -1.051 17.846
0.100 -0.400 16.906
0.091 0.248 16.528
0.084 0.397 16.286
0.085 -0.323 15.169
0.083 0.484 16.581
0.079 1.145 16.300
0.076 0.102 14.840
0.082 -0.886 15.721
0.075 0.038 17.089
0.062 -0.001 14.808
0.082 0.400 14.987
0.077 -0.437 16.738
0.073 -0.556 16.536
0.075 -0.090 17.122
0.067 0.163 15.271
0.064 0.601 16.907
0.080 0.345 16.498
0.057 0.033 15.788
0.068 -0.212 16.149
0.065 -0.145 15.341
0.079 -0.839 17.782
0.066 0.829 16.762
0.071 0.356 16.450
0.061 -1.044 17.327
0.067 -0.038 16.728
0.061 0.346 16.897
0.045 -1.047 16.684
0.059 0.912 17.140
0.075 -0.716 17.634
0.053 0.333 16.249
0.054 -0.420 17.155
0.059 0.098 17.013
0.047 -1.009 17.012
0.049 0.267 16.953
0.051 -0.460 16.609
0.048 -0.026 15.348
0.048 -0.836 16.910
0.061 -0.281 16.152
0.062 -0.451 15.224
0.054 0.227 16.582
0.050 0.398 16.912
0.047 -0.608 16.535
0.049 -0.018 15.880
0.047 -0.701 15.370
0.041 0.100 14.932
0.041 0.585 14.196
0.037 -0.023 16.769
0.047 -0.384 16.112
0.034 -0.405 16.840
0.041 -1.720 16.012
0.034 -0.297 16.218
0.031 0.797 16.097
0.028 0.549 16.806
0.029 0.148 14.533
0.027 0.054 16.521
0.024 -0.660 15.835
0.028 0.304 16.909
0.021 -0.043 16.661
0.025 -0.450 16.963
0.020 -0.615 15.318
0.018 -0.369 15.369
0.014 -0.035 14.790
0.018 0.535 15.727
0.021 -0.110 17.026
0.011 -0.363 15.690
0.021 0.663 17.472
0.017 -0.360 16.742
0.017 1.206 16.766
0.015 0.725 15.629
0.012 0.448 17.035
0.014 1.149 17.293
0.008 0.551 15.458
0.011 0.487 16.370
0.011 0.031 16.818
0.010 -0.039 17.136
0.010 -0.951 17.137
0.008 -0.282 16.621
0.007 0.556 16.377
0.005 0.494 16.340
0.005 -0.133 15.489
0.004 -0.443 15.456
0.004 -0.209 16.511
0.003 -1.799 17.329
0.003 0.258 16.909
0.001 -0.330 16.139
0.001 -0.141 16.172
0.001 -0.364 15.328
0.000 0.760 14.408
-0.001 -0.284 16.723
-0.003 0.314 16.308
-0.004 -0.158 14.448
-0.007 -0.279 16.518
-0.007 0.332 16.199
-0.010 0.532 16.245
-0.011 0.083 14.506
-0.012 -0.620 15.262
-0.013 0.851 16.350
-0.013 0.702 16.150
-0.014 0.054 14.466
-0.023 0.532 16.785
-0.014 -0.458 16.169
-0.015 -0.468 17.041
-0.018 -0.562 16.945
-0.019 0.214 16.683
-0.019 -0.087 16.225
-0.017 0.680 16.209
-0.021 -0.324 15.508
-0.022 0.063 16.662
-0.021 -0.639 16.749
-0.024 -0.194 15.395
-0.027 0.430 17.399
-0.025 -1.179 16.107
-0.030 0.120 16.777
-0.028 -0.960 16.862
-0.024 0.098 16.599
-0.031 1.174 16.182
-0.029 0.675 16.104
-0.033 -0.592 16.569
-0.034 0.492 16.452
-0.037 0.287 14.866
-0.038 -0.040 14.808
-0.037 -0.147 16.789
-0.033 0.281 15.114
-0.035 0.603 16.503
-0.039 0.008 16.856
-0.040 0.811 15.920
-0.034 0.060 17.054
-0.039 -0.706 15.410
-0.042 1.379 16.869
-0.037 -0.095 16.772
-0.051 0.012 16.734
-0.044 0.216 16.812
-0.040 -0.572 15.549
-0.042 -0.284 16.119
-0.038 0.095 15.726
-0.063 2.373 17.846
-0.043 -0.922 16.719
-0.052 0.741 17.074
-0.046 -0.648 15.754
-0.049 -0.496 16.887
-0.054 -0.264 17.336
-0.046 -0.689 17.248
-0.033 0.143 15.836
-0.054 -0.815 15.127
-0.054 0.296 15.875
-0.049 -0.638 15.624
-0.057 1.721 16.712
-0.055 1.159 15.131
-0.063 -0.459 17.369
-0.057 -0.581 16.492
-0.054 0.460 15.943
-0.058 -0.621 15.990
-0.061 1.123 16.399
-0.073 1.350 16.075
-0.057 1.023 16.141
-0.054 0.488 16.718
-0.056 0.364 14.222
-0.063 0.504 15.525
-0.058 1.583 15.488
-0.062 -0.930 17.371
-0.053 0.257 16.525
-0.065 -0.434 16.778
-0.062 0.243 17.108
-0.073 1.049 16.678
-0.059 -1.274 16.073
-0.071 0.284 17.035
-0.068 -0.436 17.048
-0.066 -0.150 15.872
-0.065 0.696 15.195
-0.077 0.843 16.962
-0.064 -0.290 16.539
-0.065 -0.278 14.743
-0.075 -0.314 16.824
-0.072 0.746 15.249
-0.077 0.265 16.867
-0.081 -1.355 17.059
-0.077 -0.289 15.569
-0.087 0.145 16.658
-0.079 0.497 17.135
-0.078 0.239 15.892
-0.085 -0.342 17.431
-0.083 0.554 17.240
-0.089 0.274 17.000
-0.091 0.563 16.784
-0.086 0.763 14.687
-0.090 -0.645 17.310
-0.085 -0.451 16.454
-0.071 0.654 16.369
-0.079 0.869 14.680
-0.087 0.273 16.981
-0.096 -0.033 16.079
-0.093 1.334 15.815
-0.091 1.087 15.263
-0.106 0.202 16.918
-0.072 -0.850 16.509
-0.096 -0.039 17.261
-0.076 0.450 15.446
-0.099 -0.188 16.835
-0.095 -0.091 16.473
-0.095 -0.657 16.607
-0.090 -0.408 14.976
-0.110 -0.018 16.344
-0.102 0.577 15.146
-0.095 -0.277 15.843
-0.092 -0.265 15.388
-0.112 0.525 17.540
-0.104 -0.204 16.263
-0.115 0.453 16.559
-0.117 0.134 17.063
-0.073 0.320 16.090
-0.097 0.849 15.271
-0.109 -0.478 16.869
-0.109 0.453 16.837
-0.120 -1.462 16.982
-0.107 0.066 17.038
-0.115 0.469 16.020
-0.115 -0.624 16.769
-0.116 -0.184 16.954
-0.134 0.347 17.010
-0.126 0.581 16.203
-0.103 -0.150 14.926
-0.121 -0.288 17.060
-0.112 -0.190 15.115
-0.128 -0.588 17.002
-0.130 -0.369 17.189
-0.101 0.149 16.181
-0.112 0.169 15.452
-0.141 -0.060 16.134
-0.118 0.849 14.279
-0.112 -0.350 15.663
-0.129 0.810 14.621
-0.115 -0.028 16.774
-0.121 -0.252 17.231
-0.133 0.490 17.101
-0.117 -0.301 15.779
-0.118 0.324 16.619
-0.127 -0.119 16.123
-0.104 -0.915 16.791
-0.132 -0.472 16.193
-0.138 0.375 16.360
-0.128 -0.893 16.137
-0.127 -0.408 16.551
-0.110 0.248 15.486
-0.134 0.833 16.611
-0.129 0.469 16.615
-0.140 0.151 16.527
-0.111 -0.176 16.669
-0.139 1.002 14.151
-0.132 0.950 15.017
-0.148 0.038 16.966
-0.144 0.288 16.784
-0.136 0.179 16.774
-0.136 -0.448 15.808
-0.134 0.307 14.933
-0.119 -0.243 15.683
-0.168 -0.629 15.783
-0.179 0.145 16.860
-0.136 0.277 15.024
-0.145 -0.602 14.742
-0.150 1.240 16.109
-0.169 0.568 17.119
-0.138 0.214 16.588
-0.171 -0.896 16.893
-0.164 0.152 17.159
-0.157 -0.053 15.522
-0.170 0.232 16.907
-0.150 0.079 16.612
-0.165 1.263 16.152
-0.173 0.235 15.438
-0.156 -0.523 16.742
-0.154 0.577 15.710
-0.178 0.660 17.061
-0.158 0.366 16.598
-0.169 -0.132 17.013
-0.183 0.147 16.938
-0.148 0.499 16.561
-0.176 0.298 14.385
-0.166 1.123 16.343
-0.159 -0.063 16.143
-0.177 0.116 15.023
-0.179 -0.247 15.899
-0.179 -0.425 16.782
-0.179 0.162 14.791
-0.149 -0.392 15.437
-0.182 1.435 15.750
-0.177 0.355 17.274
-0.170 0.457 16.718
-0.183 -0.811 17.014
-0.160 0.220 15.087
-0.160 -0.971 17.057
-0.172 0.591 14.442
-0.173 -0.126 15.590
-0.180 -0.224 16.795
-0.153 0.348 16.770
-0.185 -0.387 16.948
-0.188 -0.382 17.007
-0.191 1.470 14.127
-0.150 -0.318 15.613
-0.215 0.265 16.818
-0.179 0.367 16.534
-0.200 -1.040 16.946
-0.215 0.258 16.916
-0.182 0.318 16.753
-0.152 -0.276 15.197
-0.184 0.238 16.429
-0.183 1.034 15.020
-0.196 0.016 16.571
-0.198 -0.578 15.879
-0.209 -0.486 15.591
-0.200 0.276 16.444
-0.195 -0.689 16.855
-0.234 -0.384 17.370
-0.187 -0.246 16.721
-0.217 -0.272 16.297
-0.202 -0.509 14.914
-0.198 -0.114 16.929
-0.235 -0.049 16.104
-0.214 0.423 16.726
-0.226 0.979 14.854
-0.236 0.133 17.538
-0.190 0.064 16.840
-0.219 0.604 17.252
-0.239 0.183 17.063
-0.222 0.313 16.818
-0.210 0.440 17.047
-0.257 -0.535 17.202
-0.199 0.120 16.738
-0.223 1.167 15.447
-0.234 0.729 15.927
-0.235 1.375 16.449
-0.213 1.150 16.473
-0.212 0.896 16.555
-0.237 0.877 16.988
-0.213 -0.335 16.804
-0.244 0.166 15.430
-0.234 1.249 16.178
-0.200 -0.236 16.731
-0.206 0.037 15.999
-0.226 -0.763 17.060
-0.198 -0.383 15.430
-0.189 0.464 14.277
-0.245 0.809 16.910
-0.260 -0.740 15.378
-0.226 0.554 16.399
-0.239 -0.475 17.381
-0.226 0.986 15.766
-0.241 1.302 15.476
-0.252 0.284 17.010
-0.262 0.373 17.140
-0.261 0.259 16.886
-0.235 -0.136 15.090
-0.242 -0.034 15.386
-0.224 0.727 16.489
-0.250 -0.621 15.549
-0.269 0.545 15.966
-0.264 0.118 17.176
-0.275 0.157 15.954
-0.249 0.302 16.672
-0.248 -0.013 16.014
-0.272 0.476 16.031
-0.244 -1.346 16.037
-0.204 0.070 15.249
-0.242 0.468 16.219
-0.242 1.065 16.961
-0.263 0.424 16.587
-0.254 0.455 15.701
-0.248 -1.185 17.344
-0.293 -1.222 16.087
-0.274 -0.810 15.476
-0.297 0.297 16.647
-0.245 1.145 16.715
-0.220 0.751 14.862
-0.231 -0.195 16.660
-0.280 1.449 16.441
-0.283 1.529 17.022
-0.266 0.331 16.855
-0.224 -0.382 15.897
-0.266 0.042 16.212
-0.196 -0.211 14.533
-0.240 0.049 15.406
-0.299 0.207 16.697
-0.309 0.576 17.308
-0.282 -0.407 16.981
-0.288 -0.551 16.959
-0.280 -0.235 16.626
-0.287 0.295 15.160
-0.306 1.085 15.807
-0.300 0.959 15.540
-0.329 0.718 17.064
-0.179 -0.569 16.551
-0.293 0.343 16.743
-0.269 -0.161 16.482
-0.285 0.660 16.357
-0.281 0.595 16.151
-0.273 0.388 15.491
-0.275 0.840 17.125
-0.268 -0.514 14.488
-0.302 -0.781 17.531
-0.332 -0.121 15.192
-0.289 1.335 16.346
-0.285 1.166 15.336
-0.302 -0.436 16.456
-0.283 -0.428 17.236
-0.261 0.653 16.434
-0.261 -0.476 15.578
-0.302 -0.702 17.245
-0.307 1.225 16.293
-0.305 -0.473 17.633
-0.304 0.010 16.914
-0.300 -0.710 16.644
-0.339 0.066 17.597
-0.371 -0.630 16.815
-0.308 -0.480 16.995
-0.329 -0.079 17.105
-0.334 -1.129 17.399
-0.323 -0.504 17.162
-0.288 -0.631 15.538
-0.232 0.942 14.496
-0.332 -0.755 17.270
-0.273 -0.094 17.064
-0.292 -0.407 16.347
-0.318 1.286 16.491
-0.312 -0.078 15.610
-0.398 0.568 16.864
-0.300 0.966 15.383
-0.314 -0.539 16.442
-0.331 -0.125 16.965
-0.285 -0.229 15.536
-0.298 -0.123 16.237
-0.193 -0.410 15.381
-0.318 0.247 16.332
-0.280 0.448 16.534
-0.360 0.279 15.258
-0.353 -0.557 16.054
-0.365 -1.319 17.033
-0.348 -0.276 17.122
-0.273 0.021 14.903
-0.310 0.316 15.468
-0.312 1.617 16.790
-0.314 -0.249 16.987
-0.247 -0.195 16.299
-0.294 0.062 15.136
-0.318 0.449 15.095
-0.323 -0.303 16.565
-0.364 0.257 16.863
-0.334 0.965 16.163
-0.313 -0.291 16.264
-0.340 0.529 17.001
-0.345 -0.117 16.720
-0.342 0.234 16.958
-0.292 -0.698 16.888
-0.333 -0.772 16.712
-0.460 1.052 18.265
-0.381 -0.396 16.830
-0.369 0.866 14.880
-0.336 0.199 15.305
-0.323 0.570 16.311
-0.376 -0.120 17.133
-0.312 -0.345 15.614
-0.329 0.515 16.078
-0.393 0.649 16.838
-0.322 -0.761 16.684
-0.317 0.698 15.345
-0.358 0.193 16.949
-0.369 -0.779 17.086
-0.315 0.644 16.396
-0.400 0.335 16.815
-0.380 0.352 15.349
-0.383 -0.037 17.050
-0.352 -0.521 16.135
-0.375 -0.013 16.118
-0.386 -0.189 15.332
-0.347 0.020 16.708
-0.393 -0.710 16.173
-0.276 -0.518 16.230
-0.334 0.700 16.519
-0.103 0.164 14.452
-0.370 0.044 16.624
-0.356 1.166 16.269
-0.395 1.362 17.204
-0.329 -0.218 15.746
-0.355 -0.714 16.576
-0.362 -1.410 17.233
-0.353 -1.343 17.588
-0.397 -1.227 17.505
-0.399 -0.379 17.279
-0.398 0.645 17.186
-0.400 -0.431 15.879
-0.403 -1.095 15.658
-0.366 -0.218 16.974
-0.403 1.017 16.019
-0.444 0.838 14.732
-0.373 0.081 14.581
-0.333 -0.380 15.351
-0.325 -0.457 16.840
-0.355 -0.397 16.480
-0.393 0.291 17.012
-0.386 -0.209 16.655
-0.326 -0.158 17.171
-0.425 0.736 14.677
-0.400 0.417 16.426
-0.386 0.557 15.434
-0.423 0.010 17.233
-0.409 0.483 16.716
-0.402 0.218 16.626
-0.425 0.764 16.284
-0.375 -0.107 16.530
-0.423 1.492 16.682
-0.404 0.868 14.282
-0.412 -1.100 15.209
-0.378 0.010 16.682
-0.263 -0.470 16.204
-0.417 -0.280 16.786
-0.332 -0.446 15.610
-0.327 0.680 15.776
-0.483 -1.157 17.400
-0.405 0.785 16.631
-0.394 0.091 16.645
-0.386 -0.314 16.801
-0.401 0.618 15.161
-0.387 0.783 16.571
-0.391 -0.405 14.921
-0.421 1.336 16.315
-0.359 -0.071 15.582
-0.410 -0.108 17.236
-0.381 0.065 15.897
-0.380 1.545 17.154
-0.446 -0.207 15.565
-0.431 0.109 14.939
-0.395 0.300 15.466
-0.306 -0.259 16.389
-0.456 -0.125 17.182
-0.451 1.171 14.490
-0.437 1.062 14.799
-0.317 -0.993 16.766
-0.438 -0.086 16.369
-0.472 -0.323 17.304
-0.421 0.045 15.783
-0.387 -1.150 16.777
-0.457 0.301 17.113
-0.423 1.068 16.138
-0.423 -0.126 15.480
-0.421 0.816 16.177
-0.419 1.197 16.940
-0.390 0.793 16.289
-0.428 -0.509 15.617
-0.374 -0.369 15.542
-0.434 -0.639 16.798
-0.444 1.003 15.184
-0.395 -0.264 15.900
-0.472 0.885 16.594
-0.439 0.033 16.965
-0.438 0.926 15.158
-0.469 1.046 16.117
-0.428 -0.658 16.785
-0.476 -0.058 14.554
-0.437 -0.476 17.055
-0.493 0.465 17.511
-0.477 1.264 15.423
-0.422 0.166 15.843
-0.427 -0.104 17.193
-0.374 0.477 16.378
-0.415 -0.420 16.751
-0.457 -0.271 17.154
-0.413 0.123 14.279
-0.374 0.010 15.961
-0.551 0.834 17.460
-0.489 -0.095 15.794
-0.451 0.711 16.340
-0.494 -0.447 17.131
-0.504 0.422 16.992
-0.573 -0.217 17.267
-0.506 0.125 16.796
-0.440 0.528 16.340
-0.408 -0.430 15.397
-0.513 0.396 15.788
-0.421 -0.791 16.848
-0.453 0.129 15.470
-0.527 0.063 17.033
-0.482 1.687 16.680
-0.444 -0.432 16.828
-0.467 0.349 16.612
-0.403 0.063 15.249
-0.450 0.318 16.371
-0.456 -0.663 14.947
-0.508 1.410 15.444
-0.491 -0.228 16.988
-0.412 0.377 16.379
-0.525 -0.118 17.154
-0.495 -0.167 16.530
-0.478 1.071 15.818
-0.545 -0.570 17.407
-0.393 0.370 15.151
-0.497 1.008 16.937
-0.442 -1.099 16.875
-0.498 -0.439 14.780
-0.554 0.674 16.127
-0.411 -0.453 15.479
-0.494 0.205 16.353
-0.478 0.744 15.053
-0.605 0.751 15.840
-0.520 0.551 16.845
-0.518 0.243 14.707
-0.425 0.707 15.915
-0.487 -0.076 17.140
-0.500 -0.564 16.869
-0.373 -0.836 15.729
-0.435 0.110 14.286
-0.457 -0.225 15.182
-0.530 -0.310 16.865
-0.465 0.746 15.771
-0.580 -0.168 17.467
-0.476 1.183 15.297
-0.481 0.285 16.720
-0.532 0.765 17.495
-0.509 -0.625 17.138
-0.478 0.343 15.727
-0.533 0.523 16.559
-0.536 0.065 17.081
-0.510 1.261 15.494
-0.389 0.212 15.610
-0.523 0.656 15.117
-0.453 0.056 15.694
-0.516 0.026 16.760
-0.494 0.048 15.639
-0.490 0.843 15.207
-0.553 1.054 16.786
-0.559 0.018 15.273
-0.496 0.192 16.332
-0.529 0.040 15.880
-0.590 0.804 17.067
-0.555 -0.006 16.097
-0.490 0.727 15.320
-0.498 0.834 15.031
-0.523 0.526 16.795
-0.534 0.065 16.019
-0.631 0.541 17.210
-0.503 0.467 16.689
-0.511 -0.297 15.749
-0.459 -0.298 15.575
-0.575 -0.379 15.352
-0.512 1.275 16.192
-0.584 0.393 16.164
-0.504 -0.484 16.423
-0.560 0.910 16.188
-0.529 0.774 16.346
-0.568 -0.336 17.457
-0.509 0.742 15.847
-0.498 -0.721 15.007
-0.497 0.330 15.241
-0.494 -0.448 16.946
-0.589 0.504 17.077
-0.348 -0.136 16.184
-0.594 0.156 16.520
-0.521 0.746 15.841
-0.590 -0.130 15.855
-0.531 1.040 17.126
-0.514 0.270 16.578
-0.453 -0.692 16.833
-0.545 -0.436 16.377
-0.541 0.012 16.246
-0.494 0.849 16.983
-0.509 -0.551 16.944
-0.509 -0.404 16.255
-0.521 0.702 16.631
-0.653 0.942 17.190
-0.526 -0.655 16.667
-0.582 0.412 17.212
-0.524 0.243 15.856
-0.555 -0.452 16.750
-0.578 -0.362 16.659
-0.548 -0.137 15.837
-0.565 -0.251 16.823
-0.466 0.133 15.486
-0.595 -0.786 17.090
-0.591 0.462 17.340
-0.537 0.798 16.560
-0.582 0.159 15.925
-0.608 1.241 17.047
-0.591 0.243 16.283
-0.582 1.180 16.118
-0.542 0.892 15.492
-0.498 -0.531 16.770
-0.600 0.689 16.585
-0.560 -0.149 15.914
-0.630 0.645 17.112
-0.493 -0.568 16.187
-0.513 0.851 15.616
-0.537 -0.164 15.860
-0.597 0.907 16.767
-0.502 -0.361 15.490
-0.648 -0.829 15.990
-0.578 0.019 15.467
-0.609 -0.195 16.881
-0.611 -0.198 16.925
-0.493 -0.581 15.815
-0.579 0.919 16.932
-0.683 1.125 15.075
-0.561 -0.662 16.643
-0.618 1.245 14.713
-0.617 -0.582 17.073
-0.596 0.033 17.082
-0.589 0.756 16.385
-0.642 -0.198 17.195
-0.584 -0.413 15.969
-0.612 -0.420 17.474
-0.618 -0.477 15.907
-0.643 0.098 15.632
-0.618 -0.845 16.389
-0.554 -0.048 15.815
-0.659 1.822 17.308
-0.591 -1.042 16.913
-0.571 -0.327 17.372
-0.587 -0.050 16.029
-0.600 -0.982 14.938
-0.630 -0.911 17.574
-0.571 0.793 16.116
-0.597 -0.710 15.279
-0.719 1.952 16.261
-0.625 0.769 14.880
-0.599 -0.364 17.117
-0.659 0.213 15.366
-0.612 -1.338 16.981
-0.605 -0.272 17.256
-0.622 -0.475 16.854
-0.577 -0.497 15.636
-0.628 -0.216 17.118
-0.619 1.639 16.794
-0.626 -0.208 16.818
-0.618 0.880 16.974
-0.694 -0.690 17.048
-0.615 0.701 16.926
-0.627 0.550 16.664
-0.606 -0.476 16.888
-0.644 0.716 15.568
-0.674 -0.409 17.058
-0.690 -0.237 16.963
-0.573 -0.441 15.408
-0.635 0.684 15.884
-0.617 0.135 16.501
-0.591 -0.245 16.798
-0.649 -0.385 17.076
-0.641 1.186 16.749
-0.641 0.241 16.931
-0.643 -0.364 16.776
-0.677 -0.586 17.370
-0.630 -0.559 16.561
-0.678 -0.224 15.101
-0.649 0.062 15.945
-0.518 -0.494 16.572
-0.659 0.243 17.007
-0.703 1.371 17.183
-0.573 -0.405 16.291
-0.581 -0.111 16.189
-0.663 -0.162 15.716
-0.673 0.748 16.123
-0.674 -0.397 17.104
-0.545 -0.293 16.334
-0.570 0.436 15.399
-0.706 1.494 16.445
-0.651 0.042 16.675
-0.731 1.798 16.639
-0.634 -0.890 17.013
-0.663 1.401 16.424
-0.677 1.148 16.647
-0.665 0.451 16.733
-0.671 -0.007 16.648
-0.660 -0.022 16.898
-0.642 -0.194 15.767
-0.743 1.395 15.033
-0.629 0.966 15.479
-0.696 -0.586 16.118
-0.648 -0.405 16.793
-0.665 0.176 16.260
-0.699 -0.102 16.928
-0.656 0.840 16.671
-0.625 0.188 15.791
-0.693 -0.216 16.857
-0.591 -0.353 14.800
-0.721 -0.031 16.863
-0.731 0.266 16.805
-0.758 -0.148 15.835
-0.723 -0.023 16.488
-0.637 0.032 16.827
-0.744 -0.468 17.114
-0.746 1.572 15.621
-0.695 -0.506 15.532
-0.541 -0.130 16.492
-0.761 -0.038 15.980
-0.757 1.393 15.865
-0.656 -0.766 15.597
-0.661 -0.787 15.295
-0.678 -1.161 17.330
-0.701 -0.656 16.905
-0.667 -0.598 16.703
-0.647 -0.502 15.950
-0.638 0.850 16.671
-0.600 0.044 16.680
-0.667 1.528 16.436
-0.727 -0.862 16.116
-0.571 -0.418 15.204
-0.771 1.354 16.659
-0.735 -0.058 16.734
-0.636 -1.266 16.591
-0.754 -0.394 16.845
-0.693 -0.791 16.904
-0.708 0.900 14.531
-0.752 -0.692 16.696
-0.635 0.626 15.473
-0.694 -0.435 16.775
-0.698 0.578 15.160
-0.822 -0.093 16.018
-0.769 1.721 16.560
-0.719 -0.015 16.082
-0.687 -0.400 16.733
-0.813 1.592 16.119
-0.685 0.944 15.876
-0.645 0.794 16.492
-0.763 -0.529 16.872
-0.689 0.726 15.082
-0.776 1.321 16.832
-0.701 -0.715 16.938
-0.726 -0.104 15.751
-0.685 -0.006 16.416
-0.722 0.769 14.226
-0.875 -0.576 15.512
-0.703 -0.844 16.907
-0.683 -0.359 15.141
-0.701 -1.026 15.324
-0.765 -0.371 16.787
-0.777 -0.376 16.547
-0.769 0.221 14.735
-0.698 0.167 15.642
-0.787 -0.616 16.861
-0.776 1.064 16.977
-0.679 -0.932 15.538
-0.774 1.548 16.742
-0.824 0.307 16.041
-0.718 0.758 15.908
-0.804 0.050 15.609
-0.743 -0.772 16.551
-0.791 -0.200 15.698
-0.781 -0.389 16.866
-0.756 1.129 14.861
-0.703 0.955 16.615
-0.764 1.228 15.090
-0.706 0.029 16.004
-0.675 0.164 15.608
-0.657 -0.402 14.898
-0.706 -0.430 16.666
-0.752 -0.423 16.785
-0.746 0.162 15.878
-0.826 -0.231 16.503
-0.713 0.813 15.838
-0.782 0.022 16.358
-0.687 -0.628 15.667
-0.750 0.206 15.550
-0.718 -0.428 16.858
-0.732 -0.171 16.520
-0.820 0.134 15.253
-0.811 1.111 16.464
-0.855 1.588 16.637
-0.695 -0.609 16.590
-0.524 0.206 15.985
-0.787 -0.538 17.106
-0.658 -0.262 15.455
-0.674 -0.543 16.712
-0.748 0.320 16.027
-0.777 1.097 14.679
-0.819 -0.017 16.779
-0.739 -0.772 14.459
-0.836 0.264 16.890
-0.724 0.039 16.047
-0.862 0.327 16.665
-0.835 1.157 14.468
-0.813 0.849 16.637
-0.725 0.590 15.687
-0.800 1.523 16.758
-1.177 2.293 17.674
-0.800 1.253 16.368
-0.827 1.316 16.007
-0.740 0.763 15.136
-0.851 0.940 16.686
-0.797 0.398 15.174
-0.854 -0.145 16.980
-0.886 1.099 15.799
-0.852 0.216 16.693
-0.826 0.251 15.596
-0.900 -0.211 17.196
-0.835 -0.099 17.076
-0.667 -0.427 15.430
-0.716 -0.181 16.399
-0.729 -0.338 16.558
-0.751 -0.592 15.648
-0.825 0.310 15.902
-0.837 -0.436 16.788
-0.653 -0.422 16.936
-0.809 -0.259 16.890
-0.838 -0.139 15.160
-0.726 0.783 15.737
-0.844 0.760 16.530
-0.869 0.368 16.872
-0.785 1.533 16.572
-0.879 -0.046 16.878
-0.698 -0.367 16.817
-0.911 -0.114 16.728
-0.900 -0.513 17.133
-0.709 -0.339 16.582
-0.870 -0.040 15.466
-0.808 0.069 16.939
-0.807 0.480 14.985
-0.852 -0.709 15.065
-0.797 -0.557 16.010
-0.764 0.028 16.758
-0.900 -0.433 16.607
-0.827 1.282 14.699
-0.733 0.541 15.545
-0.672 0.582 16.102
-0.868 -0.009 14.758
-0.892 -0.077 17.285
-0.834 -0.246 17.121
-0.838 0.202 15.421
-0.898 1.723 16.025
-0.846 -0.373 17.492
-0.820 1.177 16.328
-0.902 -0.286 15.806
-0.709 -0.238 14.847
-0.860 1.335 15.619
-0.783 0.542 16.610
-0.724 -0.440 15.829
-0.843 -0.639 15.481
-0.867 0.144 16.607
-0.770 0.230 16.898
-0.730 -1.016 16.995
-0.941 -0.361 16.253
-0.817 -0.483 16.491
-0.856 -0.264 17.003
-0.953 0.097 16.611
-0.904 -0.447 16.711
-0.737 -0.367 15.658
-0.900 1.523 16.422
-0.805 -0.253 16.804
-0.718 0.634 14.962
-0.740 0.414 15.722
-0.972 0.414 16.435
-0.841 0.305 15.921
-0.781 0.600 14.572
-0.799 0.139 16.524
-0.813 0.623 15.462
-0.783 -0.456 15.128
-0.960 -0.052 17.227
-0.897 1.649 15.000
-0.789 0.577 15.645
-0.867 -0.117 16.354
-0.809 -1.265 16.937
-0.742 -1.056 15.716
-0.612 -0.188 15.131
-0.784 -0.056 16.427
-0.871 -0.530 16.962
-0.816 1.200 15.378
-0.875 -0.659 16.687
-0.730 0.035 16.560
-0.876 0.557 15.653
-0.874 1.129 15.615
-0.880 0.263 16.916
-0.947 0.674 16.028
-0.882 0.107 16.792
-0.784 -0.803 16.938
-0.911 0.627 15.000
-1.015 -0.306 16.667
-0.900 0.310 14.930
-0.965 0.162 16.020
-0.848 -0.561 16.043
-0.908 -0.148 16.841
-0.817 -0.416 14.514
-0.902 1.007 16.905
-0.953 1.148 16.321
-0.891 0.904 15.635
-1.048 0.332 16.203
-0.938 0.956 15.697
-0.939 1.379 17.205
-0.855 -0.763 17.023
-0.875 0.890 15.947
-0.971 -0.055 16.119
-0.964 1.381 16.370
-0.850 0.673 15.171
-0.939 1.451 17.000
-0.822 -0.162 16.280
-0.957 0.310 17.087
-0.888 -0.696 15.293
-0.824 0.515 15.511
-1.016 1.486 15.195
-0.893 0.257 15.834
-0.950 0.824 16.621
-0.983 0.894 15.634
-0.972 0.212 16.805
-0.916 1.088 15.963
-0.778 -0.640 14.250
-0.961 1.473 16.907
-0.888 -0.195 16.841
-0.955 -0.461 17.326
-0.969 -0.326 15.463
-0.822 -0.080 15.399
-0.886 0.737 15.670
-1.016 -0.103 16.942
-1.006 0.076 16.061
-0.814 -0.404 15.874
-1.028 1.513 17.007
-0.948 1.234 16.469
-0.869 -0.305 16.823
-0.861 0.524 16.706
-1.037 1.669 16.222
-1.041 -0.180 17.069
-1.003 0.079 15.303
-1.031 -0.548 16.981
-0.831 0.465 14.808
-0.956 1.031 16.780
-0.943 0.170 16.908
-0.976 1.581 15.839
-0.886 -0.625 14.709
-0.905 -0.629 16.506
-1.014 0.555 16.752
-0.969 1.253 15.776
-0.860 0.346 16.275
-1.081 1.574 16.083
-0.984 -0.382 16.712
-1.077 0.094 17.510
-0.890 1.099 15.908
-0.866 -0.763 15.796
-1.179 1.499 17.485
-1.060 -1.517 17.530
-0.906 0.428 16.599
-0.780 -0.803 16.261
-1.014 -0.205 15.170
-0.828 -0.489 16.759
-0.864 -0.190 16.749
-0.842 -1.104 14.947
-1.013 -0.765 17.169
-1.120 -0.590 16.465
-1.088 0.485 17.039
-0.869 -0.696 16.477
-1.116 0.070 17.163
-1.061 -0.651 17.592
-1.030 0.967 16.935
-0.941 -0.305 17.129
-1.113 0.344 14.835
-1.106 -0.062 16.848
-0.962 0.989 16.629
-0.903 0.687 16.392
-0.998 0.805 16.078
-1.030 0.012 16.807
-0.904 -0.017 16.026
-1.001 0.847 16.828
-1.000 0.885 16.919
-1.010 -0.253 15.363
-1.058 -0.465 17.191
-1.059 -0.118 16.227
-1.082 -0.444 16.817
-0.946 0.631 15.646
-0.926 -0.518 16.717
-0.961 1.234 16.887
-0.964 -0.248 16.783
-1.045 -0.516 16.990
-1.104 1.536 16.675
-0.972 -0.512 16.492
-1.016 0.476 15.276
-0.976 0.451 16.189
-0.910 -0.334 16.592
-0.960 0.360 15.603
-1.100 1.399 15.675
-0.961 0.620 14.810
-0.784 -0.994 16.684
-0.984 -0.942 17.044
-1.104 -0.085 15.424
-1.114 1.341 15.773
-1.005 0.710 16.192
-0.845 -0.603 16.532
-1.012 1.315 15.701
-0.926 0.798 16.624
-0.925 -1.141 17.034
-1.011 1.027 15.550
-1.064 -0.027 15.500
-0.848 0.603 16.413
-1.134 0.490 16.767
-1.058 1.335 16.633
-0.720 0.231 15.558
-1.001 1.085 16.612
-0.971 -1.284 16.368
-1.029 1.004 15.930
-0.938 -0.643 16.243
-0.998 -0.424 16.680
-1.118 1.289 15.793
-0.990 0.498 15.289
-1.047 0.989 16.544
-0.935 -0.395 16.287
-0.850 -0.332 15.649
-1.061 0.992 15.767
-1.190 0.418 15.815
-1.081 -0.274 15.669
-1.017 1.121 14.460
-1.217 0.364 15.063
-1.152 1.249 15.708
-0.926 -1.033 16.528
-1.008 0.697 16.033
-1.033 -0.135 15.859
-1.034 0.459 14.784
-0.960 0.230 15.782
-1.099 1.195 16.311
-1.052 0.439 14.774
-1.232 -0.100 17.434
-0.908 -0.139 16.163
-1.035 -0.430 16.943
-1.041 -0.218 15.944
-0.813 -0.192 16.780
-0.904 1.285 17.893
-1.061 1.169 15.773
-1.112 -0.177 17.171
-1.068 0.076 16.986
-1.057 1.012 15.383
-1.128 0.247 16.071
-1.092 0.187 16.644
-1.044 -0.775 17.019
-1.103 0.164 16.443
-1.261 0.337 17.429
-1.036 -0.631 17.096
-1.020 -0.559 15.647
-1.046 0.614 15.986
-1.031 -0.489 16.448
-1.161 -0.001 16.814
-1.224 1.220 16.964
-1.073 0.576 15.643
-0.975 0.547 15.473
-1.067 0.239 16.676
-1.099 -0.373 16.501
-0.980 0.125 15.461
-1.074 0.995 15.455
-1.261 -0.440 16.862
-0.516 0.067 15.273
-1.018 -0.248 15.484
-1.158 -0.638 16.691
-0.993 0.508 16.263
-1.198 0.568 15.095
-0.971 -0.048 15.456
-0.931 -0.102 16.053
-1.076 -0.739 17.062
-1.098 0.414 15.777
-1.003 1.115 15.780
-1.019 0.794 14.293
-0.916 -0.388 15.485
-1.142 0.225 16.795
-1.061 -0.915 15.890
-0.923 0.233 15.413
-1.050 -1.007 16.155
-0.973 -0.230 16.708
-0.581 0.047 15.494
-1.273 1.430 15.572
-1.314 0.411 16.324
-1.093 0.360 15.754
-1.135 -0.803 16.681
-1.082 0.345 15.807
-1.106 -0.267 16.848
-1.180 0.271 15.619
-1.072 0.055 16.367
-1.095 -1.265 17.031
-1.077 0.494 15.581
-1.046 0.736 16.631
-1.235 1.504 15.542
-0.976 -0.228 15.549
-1.125 0.843 15.243
-1.393 1.892 15.056
-1.567 -0.735 16.247
-1.262 0.111 15.604
-1.308 1.172 15.824
-0.868 0.257 13.840
-1.283 1.543 15.717
-1.343 1.086 14.787
-1.135 -0.671 16.848
-1.266 0.885 16.340
-1.259 -0.401 17.136
-1.180 1.442 15.880
-1.342 0.697 14.445
-1.017 0.029 16.555
-1.276 -0.419 15.967
-1.126 0.294 16.684
-1.203 -0.511 16.859
-1.282 0.279 17.082
-1.253 -0.365 16.663
-1.174 1.414 15.863
-1.226 -0.084 16.033
-1.282 1.367 16.936
-1.252 1.454 16.385
-1.250 1.553 16.535
-1.206 0.449 17.163
-1.254 0.654 17.269
-1.154 1.071 16.724
-1.354 1.331 16.321
-1.152 0.377 16.043
-1.395 1.799 14.927
-1.064 -0.323 15.607
-1.078 -0.133 16.281
-1.122 -1.056 15.755
-1.219 0.738 15.858
-1.066 -0.184 15.260
-1.054 -0.359 15.903
-1.272 -0.014 15.611
-1.182 -0.116 16.578
-1.228 -0.834 14.354
-1.350 1.287 16.575
-1.367 1.749 16.845
-1.367 1.702 15.832
-1.153 0.612 15.856
-1.299 1.153 16.007
-1.519 0.125 17.291
-1.382 1.470 15.214
-1.186 -0.647 16.293
-1.077 -0.070 16.577
-1.344 1.200 17.009
-1.383 1.755 15.672
-0.983 -0.143 16.681
-1.295 -0.269 16.532
-0.968 -0.264 16.598
-1.266 1.462 15.116
-1.201 0.910 16.803
-1.200 -0.778 16.708
-1.199 0.214 16.278
-1.338 0.275 16.859
-1.347 0.598 16.805
-1.239 0.921 15.437
-1.410 0.466 15.178
-1.177 -1.137 16.679
-1.050 0.703 15.811
-1.099 -0.114 16.650
-1.216 -0.734 14.321
-1.163 -0.417 16.205
-1.244 -0.238 14.367
-1.332 0.483 14.690
-1.391 1.673 14.758
-1.295 -0.215 16.042
-1.163 0.275 16.571
-1.171 -0.263 16.515
-1.267 0.369 15.811
-1.242 -0.560 16.747
-1.204 0.469 16.314
-1.131 -0.940 16.427
-1.178 0.031 15.672
-1.308 1.446 15.793
-1.205 0.898 15.601
-1.112 0.243 16.067
-1.388 0.012 16.551
-1.251 0.023 16.309
-1.341 0.044 15.217
-1.371 0.152 15.523
-1.249 0.171 16.509
-1.414 1.511 15.526
-1.088 0.236 15.312
-1.357 0.278 15.679
-1.400 0.163 15.402
-1.476 0.044 15.640
-1.287 0.431 15.574
-1.361 0.422 16.680
-1.548 -0.264 17.204
-1.156 -0.709 15.326
-1.396 0.041 15.966
-1.366 0.210 17.211
-1.324 0.518 16.958
-1.182 1.135 16.092
-1.283 0.305 15.718
-1.003 -0.925 16.058
-1.199 0.758 16.576
-1.450 0.042 16.998
-1.540 0.027 16.270
-1.485 -0.936 16.943
-1.148 0.145 15.597
-1.513 1.438 14.956
-1.230 0.445 16.824
-1.186 0.048 15.823
-1.345 0.949 16.775
-1.482 1.320 15.919
-1.567 0.854 17.184
-1.272 0.039 16.645
-1.504 -0.033 15.320
-1.380 -0.510 16.695
-1.651 0.656 17.404
-1.256 0.027 15.502
-1.316 1.149 15.548
-1.450 1.487 15.661
-1.476 1.137 17.091
-1.453 1.503 14.755
-1.616 0.392 17.458
-1.420 1.533 15.235
-1.188 -0.667 16.059
-1.345 0.696 15.516
-1.521 1.386 15.214
-1.435 0.201 16.986
-1.205 0.853 15.770
-1.461 0.103 16.890
-1.399 -0.327 14.969
-1.356 0.212 15.710
-1.248 -0.393 17.002
-1.531 0.869 17.525
-1.466 0.743 14.972
-1.297 0.809 15.791
-1.333 0.479 14.979
-1.547 1.631 15.622
-1.468 1.156 16.946
-1.385 0.176 15.644
-1.695 -0.163 15.589
-0.968 -0.731 16.494
-1.504 1.368 15.417
-1.591 0.217 15.104
-1.577 1.181 16.763
-1.174 0.252 15.773
-1.504 0.793 14.973
-1.564 -0.111 14.898
-1.608 1.687 15.610
-1.519 0.354 15.925
-1.591 1.509 16.961
-1.537 0.164 16.783
-1.743 1.373 15.717
-1.710 1.434 16.294
-1.368 -1.011 16.829
-1.699 1.380 16.828
-1.571 0.543 17.137
-1.461 -0.389 16.957
-1.507 0.925 16.878
-1.448 1.262 15.684
-1.075 -0.457 16.299
-1.377 0.549 15.651
-1.379 -0.149 15.714
-1.378 -0.098 15.980
-1.271 0.356 14.926
-1.556 -0.900 16.836
-1.350 0.050 15.656
-1.418 0.360 15.653
-1.279 -0.429 17.013
-1.623 1.439 15.576
-1.549 0.483 16.154
-1.539 0.094 15.828
-1.453 -0.070 16.422
-1.658 1.359 16.959
-1.366 -0.680 15.654
-1.912 0.066 17.569
-1.535 0.326 16.709
-1.626 1.303 16.896
-1.680 0.753 16.491
-1.419 0.401 15.789
-1.480 -1.122 16.406
-1.347 -0.592 17.127
-1.562 1.210 14.803
-1.400 -0.542 16.036
-1.387 -1.279 16.804
-1.861 1.734 14.782
-1.645 0.774 16.936
-1.572 -0.464 17.433
-1.554 0.521 16.920
-1.757 -0.212 16.777
-1.689 1.455 15.217
-1.647 1.455 16.071
-1.297 0.134 15.769
-1.685 1.362 14.859
-1.311 -0.387 16.291
-1.368 -0.738 16.765
-1.595 0.412 16.166
-1.630 1.449 15.878
-1.800 1.536 14.891
-1.403 0.186 15.631
-1.340 -0.178 17.147
-1.418 0.145 15.647
-1.456 -1.018 16.640
-1.686 1.185 14.914
-1.688 -0.550 16.917
-1.799 1.281 15.278
-1.776 1.502 15.879
-1.525 0.111 16.602
-1.593 0.006 16.350
-1.549 0.286 15.537
-1.689 1.151 15.983
-1.820 1.291 14.383
-1.736 1.404 15.381
-1.824 0.150 16.838
-1.346 -0.263 16.849
-1.671 0.237 16.771
-1.593 0.335 16.115
-1.607 0.147 16.131
-1.947 1.400 15.352
-1.387 -1.112 15.920
-1.561 0.226 16.649
-1.568 -1.229 16.945
-1.780 1.342 16.625
-1.505 -0.153 14.702
-1.608 1.125 15.748
-1.650 -0.951 16.859
-1.446 -0.696 15.854
-1.702 0.676 16.865
-1.733 0.384 16.550
-1.866 1.282 17.011
-1.988 0.710 15.789
-1.718 -0.103 16.319
-1.864 1.618 15.759
-1.780 0.584 16.659
-1.561 -0.685 16.340
-1.741 1.190 15.349
-1.401 -0.641 16.747
-1.775 0.876 16.841
-1.877 0.544 16.603
-1.553 0.023 15.454
-1.791 0.825 16.688
-1.774 0.643 16.533
-1.750 0.401 15.051
-1.957 1.546 15.738
-1.761 -0.498 15.757
-1.974 1.047 17.096
-1.965 1.443 16.718
-1.737 -0.162 17.331
-1.653 -0.171 16.578
-1.668 -0.042 15.595
-1.814 -0.269 17.065
-1.885 1.130 16.412
-1.861 0.518 16.638
-1.691 -0.557 16.748
-1.823 0.764 16.438
-1.922 0.384 15.067
-1.895 1.169 15.227
-1.969 0.780 17.148
-1.631 0.038 16.897
-1.733 0.393 16.055
-1.840 -0.833 16.719
-1.645 0.367 16.165
-1.607 0.051 15.732
-1.743 0.715 15.291
-1.722 -0.467 17.114
-2.034 -0.838 16.761
-1.895 -1.087 16.671
-1.688 0.242 16.021
-2.046 0.890 16.844
-1.783 -1.116 14.125
-1.830 0.321 16.292
-1.808 -0.165 16.975
-1.806 0.028 16.762
-1.911 0.340 14.991
-1.766 -0.454 14.400
-2.184 1.043 16.814
-1.931 -0.110 16.379
-1.947 0.213 16.836
-3.447 2.017 17.848
-2.038 -0.099 15.145
-2.062 -0.345 16.024
-2.152 0.426 16.895
-2.150 -0.418 15.036
-2.315 0.123 17.381
-2.832 -1.507 17.153
-2.038 -0.112 16.631
-2.164 -0.196 16.823
